30
GCF_000005845.2 0.000000 0.327794 0.199508 0.367635 0.528177 0.177084 0.992277 0.852744 0.943761 0.995031 0.381439 0.290973 0.363909 0.412675 0.370638 0.369796 0.391813 0.922527 0.946727 0.962209 0.962311 0.933599 0.907510 0.375804 0.944405 0.949361 0.991183 0.948284 0.992518 0.965656
GCF_000008865.2 0.327794 0.000000 0.283961 0.387294 0.511183 0.300391 0.983068 0.796773 0.904578 0.988445 0.321750 0.248777 0.310547 0.359199 0.311857 0.305460 0.339274 0.903820 0.907500 0.935356 0.935542 0.896734 0.875295 0.327431 0.907826 0.920790 0.945809 0.920502 0.960717 0.941864
GCF_000010385.1 0.199508 0.283961 0.000000 0.357807 0.503486 0.214828 0.989433 0.812312 0.929740 0.993466 0.309756 0.214357 0.293700 0.341790 0.299486 0.300032 0.318619 0.901721 0.933119 0.950129 0.950178 0.907061 0.888423 0.309479 0.933094 0.934384 0.984193 0.934573 0.984685 0.961983
GCF_000013265.1 0.367635 0.387294 0.357807 0.000000 0.486530 0.338724 0.975259 0.858294 0.951374 0.985806 0.439799 0.369390 0.429835 0.463015 0.436760 0.435665 0.452361 0.905064 0.947845 0.956167 0.955922 0.920994 0.909637 0.432231 0.946715 0.950770 0.977144 0.950871 0.977885 0.957656
GCF_000019645.1 0.528177 0.511183 0.503486 0.486530 0.000000 0.488748 0.797946 0.826551 0.849778 0.812139 0.594560 0.507542 0.565968 0.605983 0.568671 0.576974 0.606522 0.875126 0.859619 0.843432 0.843601 0.882121 0.901384 0.593982 0.859624 0.850295 0.816500 0.856874 0.819835 0.826531
GCF_000210475.1 0.177084 0.300391 0.214828 0.338724 0.488748 0.000000 0.985426 0.835689 0.933261 0.987475 0.336930 0.257492 0.326929 0.375106 0.333925 0.331965 0.345153 0.901956 0.935223 0.950725 0.950819 0.916225 0.892936 0.328131 0.935125 0.936224 0.982169 0.936226 0.984510 0.957422
GCF_002853715.1 0.992277 0.983068 0.989433 0.975259 0.797946 0.985426 0.000000 0.674734 0.398500 0.226722 0.927240 0.942197 0.911965 0.910731 0.906656 0.909125 0.918328 0.419920 0.398896 0.387410 0.385065 0.414071 0.441483 0.926086 0.399220 0.403640 0.364597 0.404703 0.353009 0.405678
GCF_003018035.1 0.852744 0.796773 0.812312 0.858294 0.826551 0.835689 0.674734 0.000000 0.208512 0.526681 0.817659 0.713887 0.783126 0.751729 0.784600 0.774317 0.824660 0.451756 0.209219 0.235568 0.235633 0.283024 0.259493 0.825983 0.208738 0.216166 0.252757 0.215570 0.316968 0.487522
GCF_003018455.1 0.943761 0.904578 0.929740 0.951374 0.849778 0.933261 0.398500 0.208512 0.000000 0.440125 0.794509 0.845765 0.797985 0.811251 0.798094 0.798032 0.801318 0.395569 0.004309 0.099827 0.099954 0.146243 0.105851 0.807091 0.004945 0.056850 0.088144 0.056166 0.201069 0.374517
GCF_003697165.2 0.995031 0.988445 0.993466 0.985806 0.812139 0.987475 0.226722 0.526681 0.440125 0.000000 0.935751 0.941423 0.911446 0.911523 0.908866 0.916109 0.930415 0.454284 0.441618 0.405579 0.420679 0.438169 0.467676 0.959806 0.452770 0.430011 0.405296 0.430915 0.393066 0.429013
GCF_024300685.1 0.381439 0.321750 0.309756 0.439799 0.594560 0.336930 0.927240 0.817659 0.794509 0.935751 0.000000 0.196876 0.165529 0.229385 0.167981 0.166365 0.074399 0.834664 0.800455 0.833130 0.833127 0.781525 0.757557 0.043584 0.801044 0.813794 0.860575 0.813683 0.880975 0.884595
GCF_027925745.1 0.290973 0.248777 0.214357 0.369390 0.507542 0.257492 0.942197 0.713887 0.845765 0.941423 0.196876 0.000000 0.125257 0.187081 0.134508 0.138087 0.181214 0.946861 0.938733 0.964111 0.964233 0.912058 0.881724 0.158338 0.939411 0.937678 0.999027 0.937578 1.000000 0.997674
GCF_027925765.1 0.363909 0.310547 0.293700 0.429835 0.565968 0.326929 0.911965 0.783126 0.797985 0.911446 0.165529 0.125257 0.000000 0.092398 0.038389 0.032292 0.099140 0.886618 0.850558 0.876884 0.876773 0.826204 0.806703 0.069925 0.851218 0.855381 0.914569 0.855346 0.930646 0.927786
GCF_027925785.1 0.412675 0.359199 0.341790 0.463015 0.605983 0.375106 0.910731 0.751729 0.811251 0.911523 0.229385 0.187081 0.092398 0.000000 0.096655 0.092850 0.152571 0.857625 0.823741 0.823155 0.823191 0.787224 0.775289 0.131894 0.823697 0.813115 0.882731 0.813077 0.886590 0.892720
GCF_027925805.1 0.370638 0.311857 0.299486 0.436760 0.568671 0.333925 0.906656 0.784600 0.798094 0.908866 0.167981 0.134508 0.038389 0.096655 0.000000 0.040397 0.120535 0.887663 0.856711 0.875775 0.875868 0.820418 0.804248 0.080957 0.857192 0.864518 0.912441 0.864514 0.923941 0.932441
GCF_027925825.1 0.369796 0.305460 0.300032 0.435665 0.576974 0.331965 0.909125 0.774317 0.798032 0.916109 0.166365 0.138087 0.032292 0.092850 0.040397 0.000000 0.107207 0.879056 0.847437 0.867770 0.867563 0.830669 0.804254 0.072115 0.847229 0.859825 0.895285 0.859215 0.918590 0.921073
GCF_040571355.1 0.391813 0.339274 0.318619 0.452361 0.606522 0.345153 0.918328 0.824660 0.801318 0.930415 0.074399 0.181214 0.099140 0.152571 0.120535 0.107207 0.000000 0.833103 0.826338 0.834435 0.834493 0.792043 0.774331 0.066553 0.826307 0.821298 0.882088 0.821218 0.888401 0.894912
GCF_044324875.1 0.922527 0.903820 0.901721 0.905064 0.875126 0.901956 0.419920 0.451756 0.395569 0.454284 0.834664 0.946861 0.886618 0.857625 0.887663 0.879056 0.833103 0.000000 0.415527 0.427951 0.428742 0.407195 0.383666 0.856273 0.414700 0.390805 0.431159 0.390388 0.454133 0.445898
GCF_048568945.1 0.946727 0.907500 0.933119 0.947845 0.859619 0.935223 0.398896 0.209219 0.004309 0.441618 0.800455 0.938733 0.850558 0.823741 0.856711 0.847437 0.826338 0.415527 0.000000 0.098193 0.098047 0.143673 0.102397 0.812188 0.001085 0.053165 0.084083 0.052475 0.202098 0.379380
GCF_048568955.1 0.962209 0.935356 0.950129 0.956167 0.843432 0.950725 0.387410 0.235568 0.099827 0.405579 0.833130 0.964111 0.876884 0.823155 0.875775 0.867770 0.834435 0.427951 0.098193 0.000000 0.000497 0.111007 0.136579 0.821852 0.098358 0.071947 0.098772 0.071271 0.171372 0.378847
GCF_048568965.1 0.962311 0.935542 0.950178 0.955922 0.843601 0.950819 0.385065 0.235633 0.099954 0.420679 0.833127 0.964233 0.876773 0.823191 0.875868 0.867563 0.834493 0.428742 0.098047 0.000497 0.000000 0.111014 0.136583 0.821827 0.098359 0.071962 0.098774 0.071302 0.171348 0.371246
GCF_048568975.1 0.933599 0.896734 0.907061 0.920994 0.882121 0.916225 0.414071 0.283024 0.146243 0.438169 0.781525 0.912058 0.826204 0.787224 0.820418 0.830669 0.792043 0.407195 0.143673 0.111007 0.111014 0.000000 0.069008 0.779736 0.143509 0.120274 0.156933 0.120890 0.218878 0.421229
GCF_048571315.1 0.907510 0.875295 0.888423 0.909637 0.901384 0.892936 0.441483 0.259493 0.105851 0.467676 0.757557 0.881724 0.806703 0.775289 0.804248 0.804254 0.774331 0.383666 0.102397 0.136579 0.136583 0.069008 0.000000 0.751704 0.103002 0.075413 0.147882 0.075975 0.238479 0.440236
GCF_048571525.1 0.375804 0.327431 0.309479 0.432231 0.593982 0.328131 0.926086 0.825983 0.807091 0.959806 0.043584 0.158338 0.069925 0.131894 0.080957 0.072115 0.066553 0.856273 0.812188 0.821852 0.821827 0.779736 0.751704 0.000000 0.819837 0.818250 0.879253 0.818195 0.886965 0.903326
GCF_048571565.1 0.944405 0.907826 0.933094 0.946715 0.859624 0.935125 0.399220 0.208738 0.004945 0.452770 0.801044 0.939411 0.851218 0.823697 0.857192 0.847229 0.826307 0.414700 0.001085 0.098358 0.098359 0.143509 0.103002 0.819837 0.000000 0.053163 0.084045 0.052465 0.200047 0.379798
GCF_048571605.1 0.949361 0.920790 0.934384 0.950770 0.850295 0.936224 0.403640 0.216166 0.056850 0.430011 0.813794 0.937678 0.855381 0.813115 0.864518 0.859825 0.821298 0.390805 0.053165 0.071947 0.071962 0.120274 0.075413 0.818250 0.053163 0.000000 0.103058 0.001027 0.194763 0.386944
GCF_048571645.1 0.991183 0.945809 0.984193 0.977144 0.816500 0.982169 0.364597 0.252757 0.088144 0.405296 0.860575 0.999027 0.914569 0.882731 0.912441 0.895285 0.882088 0.431159 0.084083 0.098772 0.098774 0.156933 0.147882 0.879253 0.084045 0.103058 0.000000 0.102493 0.131484 0.347195
GCF_048571815.1 0.948284 0.920502 0.934573 0.950871 0.856874 0.936226 0.404703 0.215570 0.056166 0.430915 0.813683 0.937578 0.855346 0.813077 0.864514 0.859215 0.821218 0.390388 0.052475 0.071271 0.071302 0.120890 0.075975 0.818195 0.052465 0.001027 0.102493 0.000000 0.194949 0.386928
GCF_051012485.1 0.992518 0.960717 0.984685 0.977885 0.819835 0.984510 0.353009 0.316968 0.201069 0.393066 0.880975 1.000000 0.930646 0.886590 0.923941 0.918590 0.888401 0.454133 0.202098 0.171372 0.171348 0.218878 0.238479 0.886965 0.200047 0.194763 0.131484 0.194949 0.000000 0.363612
GCF_053078305.1 0.965656 0.941864 0.961983 0.957656 0.826531 0.957422 0.405678 0.487522 0.374517 0.429013 0.884595 0.997674 0.927786 0.892720 0.932441 0.921073 0.894912 0.445898 0.379380 0.378847 0.371246 0.421229 0.440236 0.903326 0.379798 0.386944 0.347195 0.386928 0.363612 0.000000
