30
GCF_000005845.2 0.000000 1.000000 0.965271 0.976013 0.989053 0.982903 0.997536 1.000000 0.988373 1.000000 0.912883 1.000000 1.000000 1.000000 0.975469 1.000000 0.930540 1.000000 0.984958 0.995855 0.995296 1.000000 1.000000 0.922933 0.994628 1.000000 0.994093 0.995969 1.000000 0.989728
GCF_000008865.2 1.000000 0.000000 0.970192 0.983857 0.987206 0.975678 1.000000 0.974899 0.990184 1.000000 0.913300 0.987510 0.993257 0.984469 0.984907 0.986182 0.928005 0.987837 0.988716 0.993362 0.993164 0.992648 0.993859 0.911107 0.988025 0.994365 0.987984 0.993184 0.994065 0.992536
GCF_000010385.1 0.965271 0.970192 0.000000 0.967268 0.991653 0.975678 0.986874 0.978856 0.981701 0.992162 0.898038 0.977471 0.978689 0.976783 0.977691 0.976125 0.926319 0.979362 0.981481 0.985226 0.984750 0.980047 0.983346 0.910681 0.982665 0.981991 0.982222 0.983456 0.980957 0.981019
GCF_000013265.1 0.976013 0.983857 0.967268 0.000000 0.975514 0.974832 0.978571 0.974650 0.977606 0.994892 0.904457 0.978574 0.980663 0.978308 0.979897 0.976511 0.926899 0.976385 0.984900 0.976521 0.975808 0.974613 0.976998 0.919323 0.976754 0.977417 0.977645 0.976355 0.978808 0.981268
GCF_000019645.1 0.989053 0.987206 0.991653 0.975514 0.000000 0.984424 1.000000 0.987607 0.987128 0.986320 0.913801 0.988577 0.989233 0.988121 0.989686 0.988381 0.925098 0.982943 0.988730 0.989457 0.988898 0.986424 0.987908 0.920678 0.988732 0.990006 0.988637 0.993311 0.987528 0.987325
GCF_000210475.1 0.982903 0.975678 0.975678 0.974832 0.984424 0.000000 0.971564 0.966260 0.967980 0.983911 0.895976 0.968901 0.971129 0.970427 0.972142 0.970806 0.905667 0.968156 0.971038 0.969406 0.968967 0.967718 0.969048 0.899474 0.970898 0.970915 0.970649 0.973584 0.973389 0.975719
GCF_002853715.1 0.997536 1.000000 0.986874 0.978571 1.000000 0.971564 0.000000 0.666902 0.991250 1.000000 0.987101 0.984482 0.985018 0.985230 0.986129 0.967153 0.988297 0.993234 0.988529 0.987838 0.968069 0.979205 0.986261 0.982521 0.987830 0.987728 0.987804 0.989620 0.990485 0.994238
GCF_003018035.1 1.000000 0.974899 0.978856 0.974650 0.987607 0.966260 0.666902 0.000000 0.725141 0.806170 0.961716 0.983315 0.983648 0.985615 0.984346 0.967593 0.977496 0.784172 0.725133 0.740918 0.739889 0.743097 0.737557 0.975303 0.722217 0.740029 0.731130 0.738869 0.753222 0.786051
GCF_003018455.1 0.988373 0.990184 0.981701 0.977606 0.987128 0.967980 0.991250 0.725141 0.000000 0.988422 0.983209 0.977825 0.975958 0.980019 0.978682 0.977296 0.974827 0.995096 0.971762 0.971945 0.975874 0.965370 0.971954 0.962526 0.971602 0.969005 0.970155 0.971219 0.980371 0.978693
GCF_003697165.2 1.000000 1.000000 0.992162 0.994892 0.986320 0.983911 1.000000 0.806170 0.988422 0.000000 0.985372 0.987729 0.988816 0.987612 0.989231 0.988913 0.987509 0.988361 0.983422 0.983214 0.983385 0.982146 0.981300 0.982436 0.983194 0.978665 0.981581 0.974557 0.977469 0.991703
GCF_024300685.1 0.912883 0.913300 0.898038 0.904457 0.913801 0.895976 0.987101 0.961716 0.983209 0.985372 0.000000 0.970474 0.980837 0.980766 0.975839 0.978232 0.988124 0.993698 0.972541 0.977792 0.977883 0.974572 0.975438 0.964179 0.974623 0.980778 0.972290 0.979650 0.971851 0.991509
GCF_027925745.1 1.000000 0.987510 0.977471 0.978574 0.988577 0.968901 0.984482 0.983315 0.977825 0.987729 0.970474 0.000000 0.990609 0.989481 0.989681 0.985935 0.896974 0.995986 0.985563 0.991089 0.990453 0.983674 0.990009 0.880170 0.985444 0.990314 0.998217 0.990637 0.986857 0.999949
GCF_027925765.1 1.000000 0.993257 0.978689 0.980663 0.989233 0.971129 0.985018 0.983648 0.975958 0.988816 0.980837 0.990609 0.000000 0.989387 0.982300 0.980369 0.857064 0.967609 0.942862 0.938352 0.937789 0.936308 0.945824 0.834380 0.941699 0.941356 0.942826 0.938003 0.949143 0.959114
GCF_027925785.1 1.000000 0.984469 0.976783 0.978308 0.988121 0.970427 0.985230 0.985615 0.980019 0.987612 0.980766 0.989481 0.989387 0.000000 0.992067 0.989158 0.858271 0.916902 0.902989 0.898668 0.898180 0.888015 0.899901 0.840544 0.902765 0.895930 0.901668 0.894299 0.902362 0.930463
GCF_027925805.1 0.975469 0.984907 0.977691 0.979897 0.989686 0.972142 0.986129 0.984346 0.978682 0.989231 0.975839 0.989681 0.982300 0.992067 0.000000 0.986604 0.865167 0.967338 0.949842 0.944184 0.941464 0.942182 0.945718 0.839204 0.949736 0.947698 0.949277 0.944479 0.949041 0.974581
GCF_027925825.1 1.000000 0.986182 0.976125 0.976511 0.988381 0.970806 0.967153 0.967593 0.977296 0.988913 0.978232 0.985935 0.980369 0.989158 0.986604 0.000000 0.860500 0.966614 0.948090 0.944136 0.950235 0.940914 0.946355 0.835792 0.947996 0.951660 0.947582 0.944950 0.947020 0.973648
GCF_040571355.1 0.930540 0.928005 0.926319 0.926899 0.925098 0.905667 0.988297 0.977496 0.974827 0.987509 0.988124 0.896974 0.857064 0.858271 0.865167 0.860500 0.000000 1.000000 0.968029 0.984762 0.984746 0.982869 0.982216 0.971610 0.979860 0.987368 0.984012 0.984051 0.983368 0.989208
GCF_044324875.1 1.000000 0.987837 0.979362 0.976385 0.982943 0.968156 0.993234 0.784172 0.995096 0.988361 0.993698 0.995986 0.967609 0.916902 0.967338 0.966614 1.000000 0.000000 0.985556 0.985383 0.986533 0.983777 0.983887 0.981534 0.979909 0.985872 0.985103 0.984485 0.985390 0.993896
GCF_048568945.1 0.984958 0.988716 0.981481 0.984900 0.988730 0.971038 0.988529 0.725133 0.971762 0.983422 0.972541 0.985563 0.942862 0.902989 0.949842 0.948090 0.968029 0.985556 0.000000 0.986866 0.986396 0.983897 0.985398 0.977549 0.985344 0.982125 0.985668 0.987040 0.989829 0.983414
GCF_048568955.1 0.995855 0.993362 0.985226 0.976521 0.989457 0.969406 0.987838 0.740918 0.971945 0.983214 0.977792 0.991089 0.938352 0.898668 0.944184 0.944136 0.984762 0.985383 0.986866 0.000000 0.981951 0.978822 0.986423 0.975493 0.982618 0.982124 0.981106 0.980992 0.990086 0.993608
GCF_048568965.1 0.995296 0.993164 0.984750 0.975808 0.988898 0.968967 0.968069 0.739889 0.975874 0.983385 0.977883 0.990453 0.937789 0.898180 0.941464 0.950235 0.984746 0.986533 0.986396 0.981951 0.000000 0.978755 0.986429 0.975499 0.982394 0.982147 0.981107 0.981610 0.990259 0.998910
GCF_048568975.1 1.000000 0.992648 0.980047 0.974613 0.986424 0.967718 0.979205 0.743097 0.965370 0.982146 0.974572 0.983674 0.936308 0.888015 0.942182 0.940914 0.982869 0.983777 0.983897 0.978822 0.978755 0.000000 0.984734 0.982302 0.987327 0.987869 0.986595 0.986831 0.989263 0.983475
GCF_048571315.1 1.000000 0.993859 0.983346 0.976998 0.987908 0.969048 0.986261 0.737557 0.971954 0.981300 0.975438 0.990009 0.945824 0.899901 0.945718 0.946355 0.982216 0.983887 0.985398 0.986423 0.986429 0.984734 0.000000 0.978567 0.987628 0.993527 0.992704 0.992320 0.994534 0.999747
GCF_048571525.1 0.922933 0.911107 0.910681 0.919323 0.920678 0.899474 0.982521 0.975303 0.962526 0.982436 0.964179 0.880170 0.834380 0.840544 0.839204 0.835792 0.971610 0.981534 0.977549 0.975493 0.975499 0.982302 0.978567 0.000000 0.993346 0.986962 0.982889 0.994712 0.994179 0.997919
GCF_048571565.1 0.994628 0.988025 0.982665 0.976754 0.988732 0.970898 0.987830 0.722217 0.971602 0.983194 0.974623 0.985444 0.941699 0.902765 0.949736 0.947996 0.979860 0.979909 0.985344 0.982618 0.982394 0.987327 0.987628 0.993346 0.000000 0.987500 0.990269 0.986269 0.995183 0.983428
GCF_048571605.1 1.000000 0.994365 0.981991 0.977417 0.990006 0.970915 0.987728 0.740029 0.969005 0.978665 0.980778 0.990314 0.941356 0.895930 0.947698 0.951660 0.987368 0.985872 0.982125 0.982124 0.982147 0.987869 0.993527 0.986962 0.987500 0.000000 0.994107 0.992980 0.996681 1.000000
GCF_048571645.1 0.994093 0.987984 0.982222 0.977645 0.988637 0.970649 0.987804 0.731130 0.970155 0.981581 0.972290 0.998217 0.942826 0.901668 0.949277 0.947582 0.984012 0.985103 0.985668 0.981106 0.981107 0.986595 0.992704 0.982889 0.990269 0.994107 0.000000 1.000000 0.994802 0.983719
GCF_048571815.1 0.995969 0.993184 0.983456 0.976355 0.993311 0.973584 0.989620 0.738869 0.971219 0.974557 0.979650 0.990637 0.938003 0.894299 0.944479 0.944950 0.984051 0.984485 0.987040 0.980992 0.981610 0.986831 0.992320 0.994712 0.986269 0.992980 1.000000 0.000000 0.990839 0.995231
GCF_051012485.1 1.000000 0.994065 0.980957 0.978808 0.987528 0.973389 0.990485 0.753222 0.980371 0.977469 0.971851 0.986857 0.949143 0.902362 0.949041 0.947020 0.983368 0.985390 0.989829 0.990086 0.990259 0.989263 0.994534 0.994179 0.995183 0.996681 0.994802 0.990839 0.000000 0.991992
GCF_053078305.1 0.989728 0.992536 0.981019 0.981268 0.987325 0.975719 0.994238 0.786051 0.978693 0.991703 0.991509 0.999949 0.959114 0.930463 0.974581 0.973648 0.989208 0.993896 0.983414 0.993608 0.998910 0.983475 0.999747 0.997919 0.983428 1.000000 0.983719 0.995231 0.991992 0.000000
