30
GCF_000005845.2 0.000000  0.767408  0.721781  0.774617  0.830447  0.718783  0.994426  0.944922  0.976000  0.995204  0.771990  0.758597  0.782870  0.799071  0.780773  0.784845  0.778249  0.969137  0.976040  0.983556  0.983432  0.972139  0.964658  0.771888  0.977162  0.979443  0.993452  0.978629  0.994704  0.985819
GCF_000008865.2 0.767408  0.000000  0.751858  0.784415  0.829353  0.757557  0.992218  0.922431  0.962974  0.993843  0.755253  0.744765  0.766600  0.781630  0.765915  0.764068  0.763385  0.962917  0.963250  0.972701  0.972816  0.959830  0.953111  0.757045  0.963087  0.968251  0.976892  0.967990  0.983134  0.977899
GCF_000010385.1 0.721781  0.751858  0.000000  0.771114  0.826047  0.729439  0.991526  0.931625  0.970945  0.993607  0.749218  0.733200  0.759983  0.775721  0.761197  0.761333  0.756779  0.961378  0.971648  0.977690  0.977715  0.962766  0.956943  0.750680  0.971737  0.972369  0.989094  0.972575  0.988532  0.982877
GCF_000013265.1 0.774617  0.784415  0.771114  0.000000  0.819617  0.766981  0.985424  0.943177  0.975730  0.991665  0.791174  0.780110  0.801320  0.812833  0.801905  0.802126  0.798219  0.961024  0.976477  0.977900  0.977860  0.965287  0.962068  0.791732  0.974855  0.976448  0.985412  0.976290  0.985952  0.981427
GCF_000019645.1 0.830447  0.829353  0.826047  0.819617  0.000000  0.821108  0.927362  0.936430  0.944395  0.928596  0.844866  0.830655  0.851851  0.865133  0.852844  0.854498  0.849460  0.953311  0.946304  0.940278  0.940265  0.953926  0.959868  0.845467  0.946173  0.944354  0.932131  0.945987  0.933088  0.937893
GCF_000210475.1 0.718783  0.757557  0.729439  0.766981  0.821108  0.000000  0.987800  0.935109  0.969756  0.990227  0.757923  0.744089  0.768147  0.783400  0.770517  0.770020  0.761895  0.958821  0.970720  0.975054  0.975158  0.962195  0.955823  0.755884  0.970536  0.970833  0.986154  0.971385  0.987433  0.980611
GCF_002853715.1 0.994426  0.992218  0.991526  0.985424  0.927362  0.987800  0.000000  0.798256  0.792273  0.736308  0.970588  0.982865  0.967608  0.961577  0.965854  0.963783  0.967850  0.800913  0.791758  0.784481  0.780880  0.794390  0.801984  0.969629  0.791641  0.789611  0.777554  0.790166  0.777164  0.794522
GCF_003018035.1 0.944922  0.922431  0.931625  0.943177  0.936430  0.935109  0.798256  0.000000  0.688836  0.800586  0.930013  0.905450  0.928501  0.918084  0.928710  0.922280  0.935451  0.776406  0.688988  0.699981  0.699998  0.716147  0.707457  0.935402  0.688509  0.693421  0.704623  0.692926  0.729023  0.789161
GCF_003018455.1 0.976000  0.962974  0.970945  0.975730  0.944395  0.969756  0.792273  0.688836  0.000000  0.802968  0.926934  0.949571  0.926926  0.925413  0.928242  0.927658  0.928037  0.793444  0.662212  0.693766  0.694599  0.708253  0.696133  0.927801  0.662380  0.679203  0.689338  0.679307  0.728521  0.783682
GCF_003697165.2 0.995204  0.993843  0.993607  0.991665  0.928596  0.990227  0.736308  0.800586  0.802968  0.000000  0.972389  0.983529  0.968954  0.963053  0.967939  0.970065  0.971181  0.808801  0.801797  0.791062  0.793614  0.802053  0.808805  0.975958  0.803646  0.795628  0.788176  0.795083  0.786234  0.800692
GCF_024300685.1 0.771990  0.755253  0.749218  0.791174  0.844866  0.757923  0.970588  0.930013  0.926934  0.972389  0.000000  0.713247  0.697446  0.719096  0.697878  0.696442  0.688659  0.940777  0.925713  0.938135  0.938175  0.920785  0.912333  0.674859  0.926207  0.931687  0.945441  0.931325  0.952540  0.958481
GCF_027925745.1 0.758597  0.744765  0.733200  0.780110  0.830655  0.744089  0.982865  0.905450  0.949571  0.983529  0.713247  0.000000  0.705781  0.725833  0.708506  0.709027  0.703234  0.970195  0.966644  0.975781  0.975846  0.957934  0.948796  0.692340  0.966871  0.967439  0.988922  0.967403  0.988411  0.990161
GCF_027925765.1 0.782870  0.766600  0.759983  0.801320  0.851851  0.768147  0.967608  0.928501  0.926926  0.968954  0.697446  0.705781  0.000000  0.694463  0.675490  0.673208  0.668578  0.945100  0.930331  0.937593  0.937651  0.921343  0.916429  0.654421  0.930270  0.931745  0.951828  0.931135  0.957925  0.959905
GCF_027925785.1 0.799071  0.781630  0.775721  0.812833  0.865133  0.783400  0.961577  0.918084  0.925413  0.963053  0.719096  0.725833  0.694463  0.000000  0.696238  0.694210  0.685358  0.926097  0.914768  0.913192  0.913150  0.900275  0.898301  0.675874  0.914583  0.910301  0.934393  0.910036  0.935481  0.943066
GCF_027925805.1 0.780773  0.765915  0.761197  0.801905  0.852844  0.770517  0.965854  0.928710  0.928242  0.967939  0.697878  0.708506  0.675490  0.696238  0.000000  0.676870  0.676904  0.944963  0.933216  0.938692  0.938310  0.920313  0.915407  0.659131  0.933420  0.935900  0.951987  0.935263  0.955388  0.963955
GCF_027925825.1 0.784845  0.764068  0.761333  0.802126  0.854498  0.770020  0.963783  0.922280  0.927658  0.970065  0.696442  0.709027  0.673208  0.694210  0.676870  0.000000  0.671766  0.943506  0.930829  0.937258  0.938345  0.925001  0.916868  0.656031  0.930699  0.935909  0.947141  0.934701  0.954661  0.961553
GCF_040571355.1 0.778249  0.763385  0.756779  0.798219  0.849460  0.761895  0.967850  0.935451  0.928037  0.971181  0.688659  0.703234  0.668578  0.685358  0.676904  0.671766  0.000000  0.940325  0.930512  0.937298  0.937329  0.923794  0.917011  0.683252  0.932527  0.933193  0.952785  0.932551  0.955130  0.959888
GCF_044324875.1 0.969137  0.962917  0.961378  0.961024  0.953311  0.958821  0.800913  0.776406  0.793444  0.808801  0.940777  0.970195  0.945100  0.926097  0.944963  0.943506  0.940325  0.000000  0.794680  0.796266  0.796730  0.789841  0.783183  0.942351  0.793640  0.787911  0.801983  0.787355  0.806578  0.807474
GCF_048568945.1 0.976040  0.963250  0.971648  0.976477  0.946304  0.970720  0.791758  0.688988  0.662212  0.801797  0.925713  0.966644  0.930331  0.914768  0.933216  0.930829  0.930512  0.794680  0.000000  0.695962  0.695937  0.710959  0.697722  0.931271  0.663821  0.680790  0.691284  0.681238  0.730234  0.785231
GCF_048568955.1 0.983556  0.972701  0.977690  0.977900  0.940278  0.975054  0.784481  0.699981  0.693766  0.791062  0.938135  0.975781  0.937593  0.913192  0.938692  0.937258  0.937298  0.796266  0.695962  0.000000  0.663100  0.698939  0.708711  0.934973  0.695445  0.686360  0.695292  0.685975  0.720692  0.784943
GCF_048568965.1 0.983432  0.972816  0.977715  0.977860  0.940265  0.975158  0.780880  0.699998  0.694599  0.793614  0.938175  0.975846  0.937651  0.913150  0.938310  0.938345  0.937329  0.796730  0.695937  0.663100  0.000000  0.698960  0.708725  0.934966  0.695273  0.686412  0.695254  0.686203  0.720722  0.784566
GCF_048568975.1 0.972139  0.959830  0.962766  0.965287  0.953926  0.962195  0.794390  0.716147  0.708253  0.802053  0.920785  0.957934  0.921343  0.900275  0.920313  0.925001  0.923794  0.789841  0.710959  0.698939  0.698960  0.000000  0.686282  0.921738  0.711147  0.703850  0.715717  0.703777  0.736167  0.798085
GCF_048571315.1 0.964658  0.953111  0.956943  0.962068  0.959868  0.955823  0.801984  0.707457  0.696133  0.808805  0.912333  0.948796  0.916429  0.898301  0.915407  0.916868  0.917011  0.783183  0.697722  0.708711  0.708725  0.686282  0.000000  0.911735  0.697893  0.689972  0.713828  0.689700  0.743639  0.807774
GCF_048571525.1 0.771888  0.757045  0.750680  0.791732  0.845467  0.755884  0.969629  0.935402  0.927801  0.975958  0.674859  0.692340  0.654421  0.675874  0.659131  0.656031  0.683252  0.942351  0.931271  0.934973  0.934966  0.921738  0.911735  0.000000  0.934810  0.932743  0.952973  0.933920  0.957401  0.963647
GCF_048571565.1 0.977162  0.963087  0.971737  0.974855  0.946173  0.970536  0.791641  0.688509  0.662380  0.803646  0.926207  0.966871  0.930270  0.914583  0.933420  0.930699  0.932527  0.793640  0.663821  0.695445  0.695273  0.711147  0.697893  0.934810  0.000000  0.681783  0.692139  0.681236  0.730767  0.785356
GCF_048571605.1 0.979443  0.968251  0.972369  0.976448  0.944354  0.970833  0.789611  0.693421  0.679203  0.795628  0.931687  0.967439  0.931745  0.910301  0.935900  0.935909  0.933193  0.787911  0.680790  0.686360  0.686412  0.703850  0.689972  0.932743  0.681783  0.000000  0.699139  0.665188  0.729699  0.789633
GCF_048571645.1 0.993452  0.976892  0.989094  0.985412  0.932131  0.986154  0.777554  0.704623  0.689338  0.788176  0.945441  0.988922  0.951828  0.934393  0.951987  0.947141  0.952785  0.801983  0.691284  0.695292  0.695254  0.715717  0.713828  0.952973  0.692139  0.699139  0.000000  0.699801  0.708139  0.773392
GCF_048571815.1 0.978629  0.967990  0.972575  0.976290  0.945987  0.971385  0.790166  0.692926  0.679307  0.795083  0.931325  0.967403  0.931135  0.910036  0.935263  0.934701  0.932551  0.787355  0.681238  0.685975  0.686203  0.703777  0.689700  0.933920  0.681236  0.665188  0.699801  0.000000  0.728553  0.788882
GCF_051012485.1 0.994704  0.983134  0.988532  0.985952  0.933088  0.987433  0.777164  0.729023  0.728521  0.786234  0.952540  0.988411  0.957925  0.935481  0.955388  0.954661  0.955130  0.806578  0.730234  0.720692  0.720722  0.736167  0.743639  0.957401  0.730767  0.729699  0.708139  0.728553  0.000000  0.779727
GCF_053078305.1 0.985819  0.977899  0.982877  0.981427  0.937893  0.980611  0.794522  0.789161  0.783682  0.800692  0.958481  0.990161  0.959905  0.943066  0.963955  0.961553  0.959888  0.807474  0.785231  0.784943  0.784566  0.798085  0.807774  0.963647  0.785356  0.789633  0.773392  0.788882  0.779727  0.000000
