30
GCF_000005845.2 0.000000 1.000000 1.000000 1.000000 1.000000 0.999122 0.999514 1.000000 0.998484 0.998787 1.000000 1.000000 0.999683 1.000000 1.000000 1.000000 1.000000 1.000000 0.999008 0.999145 0.999199 1.000000 1.000000 0.999285 0.998724 1.000000 1.000000 1.000000 1.000000 0.999574
GCF_000008865.2 1.000000 0.000000 0.999987 1.000000 1.000000 1.000000 0.999713 1.000000 0.999156 1.000000 1.000000 1.000000 0.999708 1.000000 0.999952 1.000000 1.000000 1.000000 0.999392 0.998917 0.999524 1.000000 1.000000 1.000000 0.999382 1.000000 1.000000 0.999577 1.000000 0.999934
GCF_000010385.1 1.000000 0.999987 0.000000 1.000000 1.000000 0.999440 0.999131 1.000000 0.997350 1.000000 0.995724 0.999310 0.999892 1.000000 1.000000 1.000000 0.997072 0.998376 0.998415 0.997571 0.998247 1.000000 0.999101 0.996297 0.998244 0.999127 0.999266 0.998704 0.999130 0.998446
GCF_000013265.1 1.000000 1.000000 1.000000 0.000000 0.999897 1.000000 1.000000 1.000000 0.999331 1.000000 0.999911 0.997771 0.997491 0.999365 0.999422 0.998968 0.999630 0.999727 1.000000 0.997736 0.998461 1.000000 1.000000 0.999230 1.000000 0.999493 0.998427 0.999284 1.000000 1.000000
GCF_000019645.1 1.000000 1.000000 1.000000 0.999897 0.000000 0.999357 1.000000 1.000000 1.000000 1.000000 0.998582 0.996630 0.996261 0.998870 0.998574 0.998902 0.997432 0.999917 0.999935 0.996742 0.997152 1.000000 1.000000 0.998066 0.999703 0.999186 0.998123 0.999083 1.000000 1.000000
GCF_000210475.1 0.999122 1.000000 0.999440 1.000000 0.999357 0.000000 1.000000 1.000000 0.999400 1.000000 0.997880 0.996964 0.997267 0.998988 0.999233 0.999294 0.999032 0.999432 1.000000 0.997529 0.998524 1.000000 1.000000 0.999275 0.999766 0.998873 0.998128 0.999310 1.000000 0.999706
GCF_002853715.1 0.999514 0.999713 0.999131 1.000000 1.000000 1.000000 0.000000 1.000000 0.997635 1.000000 1.000000 1.000000 1.000000 1.000000 1.000000 1.000000 1.000000 0.998527 0.996907 0.997615 0.998265 1.000000 0.999244 1.000000 0.997200 0.997616 0.998211 0.997583 0.998505 0.999730
GCF_003018035.1 1.000000 1.000000 1.000000 1.000000 1.000000 1.000000 1.000000 0.000000 0.997821 1.000000 1.000000 1.000000 1.000000 1.000000 1.000000 1.000000 1.000000 0.999142 0.998112 0.997674 0.998750 1.000000 1.000000 1.000000 0.999265 0.999295 0.999053 0.998661 0.999222 0.999642
GCF_003018455.1 0.998484 0.999156 0.997350 0.999331 1.000000 0.999400 0.997635 0.997821 0.000000 1.000000 1.000000 0.996594 0.998152 0.998370 0.999211 0.998807 1.000000 0.999911 0.999141 0.996991 0.997990 0.999156 0.999835 0.998928 0.999713 0.998891 0.996767 0.998585 0.999701 1.000000
GCF_003697165.2 0.998787 1.000000 1.000000 1.000000 1.000000 1.000000 1.000000 1.000000 1.000000 0.000000 1.000000 1.000000 1.000000 1.000000 1.000000 1.000000 1.000000 0.998113 0.997580 0.997860 0.997929 1.000000 0.999542 1.000000 0.998259 0.997876 0.998775 0.997450 0.998373 1.000000
GCF_024300685.1 1.000000 1.000000 0.995724 0.999911 0.998582 0.997880 1.000000 1.000000 1.000000 1.000000 0.000000 1.000000 1.000000 0.999692 1.000000 1.000000 1.000000 0.998283 0.996639 0.997182 0.997428 0.999287 0.998540 0.999725 0.997080 0.997746 0.996425 0.996782 0.998238 1.000000
GCF_027925745.1 1.000000 1.000000 0.999310 0.997771 0.996630 0.996964 1.000000 1.000000 0.996594 1.000000 1.000000 0.000000 1.000000 1.000000 1.000000 1.000000 0.998595 0.998487 0.998315 0.996568 0.997562 1.000000 0.999021 1.000000 0.999193 0.999413 0.998777 0.998727 0.999973 0.998868
GCF_027925765.1 0.999683 0.999708 0.999892 0.997491 0.996261 0.997267 1.000000 1.000000 0.998152 1.000000 1.000000 1.000000 0.000000 1.000000 1.000000 1.000000 0.998715 0.997940 0.998762 0.996630 0.997697 1.000000 0.998874 0.999356 0.998730 0.999705 0.999526 0.999308 1.000000 0.998470
GCF_027925785.1 1.000000 1.000000 1.000000 0.999365 0.998870 0.998988 1.000000 1.000000 0.998370 1.000000 0.999692 1.000000 1.000000 0.000000 1.000000 1.000000 0.997078 0.998819 0.998396 0.997313 0.997790 1.000000 0.998605 0.999034 0.998323 1.000000 0.998671 1.000000 0.999939 0.997389
GCF_027925805.1 1.000000 0.999952 1.000000 0.999422 0.998574 0.999233 1.000000 1.000000 0.999211 1.000000 1.000000 1.000000 1.000000 1.000000 0.000000 1.000000 0.998327 0.998659 0.997804 0.997772 0.998317 1.000000 0.998571 0.999872 0.998849 0.999374 0.998860 0.998718 0.999445 0.998157
GCF_027925825.1 1.000000 1.000000 1.000000 0.998968 0.998902 0.999294 1.000000 1.000000 0.998807 1.000000 1.000000 1.000000 1.000000 1.000000 1.000000 0.000000 0.999523 0.998261 0.997786 0.997544 0.998438 1.000000 1.000000 1.000000 0.997872 0.998375 0.998296 0.999042 0.999202 1.000000
GCF_040571355.1 1.000000 1.000000 0.997072 0.999630 0.997432 0.999032 1.000000 1.000000 1.000000 1.000000 1.000000 0.998595 0.998715 0.997078 0.998327 0.999523 0.000000 0.999554 0.996749 0.996507 0.997121 1.000000 0.998786 1.000000 0.997546 0.997852 0.997261 0.997178 0.998039 0.999832
GCF_044324875.1 1.000000 1.000000 0.998376 0.999727 0.999917 0.999432 0.998527 0.999142 0.999911 0.998113 0.998283 0.998487 0.997940 0.998819 0.998659 0.998261 0.999554 0.000000 0.997315 0.996167 0.996878 1.000000 0.998125 1.000000 0.997980 0.999495 0.997966 0.997847 0.999492 0.997358
GCF_048568945.1 0.999008 0.999392 0.998415 1.000000 0.999935 1.000000 0.996907 0.998112 0.999141 0.997580 0.996639 0.998315 0.998762 0.998396 0.997804 0.997786 0.996749 0.997315 0.000000 0.997447 0.998015 1.000000 0.999973 1.000000 0.999127 0.999677 0.997671 0.998710 1.000000 0.999589
GCF_048568955.1 0.999145 0.998917 0.997571 0.997736 0.996742 0.997529 0.997615 0.997674 0.996991 0.997860 0.997182 0.996568 0.996630 0.997313 0.997772 0.997544 0.996507 0.996167 0.997447 0.000000 0.998810 1.000000 1.000000 1.000000 0.998769 0.998336 0.997855 0.998415 0.998603 1.000000
GCF_048568965.1 0.999199 0.999524 0.998247 0.998461 0.997152 0.998524 0.998265 0.998750 0.997990 0.997929 0.997428 0.997562 0.997697 0.997790 0.998317 0.998438 0.997121 0.996878 0.998015 0.998810 0.000000 1.000000 1.000000 1.000000 0.997946 0.998420 0.997636 0.998928 0.998662 1.000000
GCF_048568975.1 1.000000 1.000000 1.000000 1.000000 1.000000 1.000000 1.000000 1.000000 0.999156 1.000000 0.999287 1.000000 1.000000 1.000000 1.000000 1.000000 1.000000 1.000000 1.000000 1.000000 1.000000 0.000000 0.999135 1.000000 0.997722 1.000000 0.998713 0.999442 0.999347 0.997071
GCF_048571315.1 1.000000 1.000000 0.999101 1.000000 1.000000 1.000000 0.999244 1.000000 0.999835 0.999542 0.998540 0.999021 0.998874 0.998605 0.998571 1.000000 0.998786 0.998125 0.999973 1.000000 1.000000 0.999135 0.000000 1.000000 0.997635 0.999248 0.998921 0.997756 0.999106 0.998741
GCF_048571525.1 0.999285 1.000000 0.996297 0.999230 0.998066 0.999275 1.000000 1.000000 0.998928 1.000000 0.999725 1.000000 0.999356 0.999034 0.999872 1.000000 1.000000 1.000000 1.000000 1.000000 1.000000 1.000000 1.000000 0.000000 0.997662 0.998492 0.998850 0.997806 0.998089 0.998910
GCF_048571565.1 0.998724 0.999382 0.998244 1.000000 0.999703 0.999766 0.997200 0.999265 0.999713 0.998259 0.997080 0.999193 0.998730 0.998323 0.998849 0.997872 0.997546 0.997980 0.999127 0.998769 0.997946 0.997722 0.997635 0.997662 0.000000 0.999644 0.997608 0.998913 1.000000 0.999845
GCF_048571605.1 1.000000 1.000000 0.999127 0.999493 0.999186 0.998873 0.997616 0.999295 0.998891 0.997876 0.997746 0.999413 0.999705 1.000000 0.999374 0.998375 0.997852 0.999495 0.999677 0.998336 0.998420 1.000000 0.999248 0.998492 0.999644 0.000000 0.998549 0.999223 0.999612 0.997180
GCF_048571645.1 1.000000 1.000000 0.999266 0.998427 0.998123 0.998128 0.998211 0.999053 0.996767 0.998775 0.996425 0.998777 0.999526 0.998671 0.998860 0.998296 0.997261 0.997966 0.997671 0.997855 0.997636 0.998713 0.998921 0.998850 0.997608 0.998549 0.000000 0.997906 0.998987 0.999576
GCF_048571815.1 1.000000 0.999577 0.998704 0.999284 0.999083 0.999310 0.997583 0.998661 0.998585 0.997450 0.996782 0.998727 0.999308 1.000000 0.998718 0.999042 0.997178 0.997847 0.998710 0.998415 0.998928 0.999442 0.997756 0.997806 0.998913 0.999223 0.997906 0.000000 0.998364 0.997431
GCF_051012485.1 1.000000 1.000000 0.999130 1.000000 1.000000 1.000000 0.998505 0.999222 0.999701 0.998373 0.998238 0.999973 1.000000 0.999939 0.999445 0.999202 0.998039 0.999492 1.000000 0.998603 0.998662 0.999347 0.999106 0.998089 1.000000 0.999612 0.998987 0.998364 0.000000 0.997667
GCF_053078305.1 0.999574 0.999934 0.998446 1.000000 1.000000 0.999706 0.999730 0.999642 1.000000 1.000000 1.000000 0.998868 0.998470 0.997389 0.998157 1.000000 0.999832 0.997358 0.999589 1.000000 1.000000 0.997071 0.998741 0.998910 0.999845 0.997180 0.999576 0.997431 0.997667 0.000000
