30
GCF_000005845.2 0.000000 0.280258 0.169972 0.307962 0.469358 0.157500 0.981251 0.820051 0.928717 0.981328 0.340982 0.264040 0.337028 0.385185 0.341947 0.342655 0.350613 0.895737 0.928906 0.947526 0.947174 0.902666 0.883836 0.336789 0.928581 0.930694 0.978758 0.930920 0.979127 0.963219
GCF_000008865.2 0.280258 0.000000 0.260599 0.338927 0.481311 0.272952 0.974126 0.766190 0.887255 0.978122 0.299883 0.235749 0.299514 0.349574 0.302195 0.296168 0.316474 0.889275 0.887252 0.911944 0.912019 0.873012 0.852907 0.307221 0.886642 0.897787 0.930900 0.898125 0.947440 0.936385
GCF_000010385.1 0.169972 0.260599 0.000000 0.305526 0.465041 0.190595 0.977765 0.801867 0.920175 0.979954 0.295204 0.211520 0.291035 0.339219 0.293421 0.295238 0.302144 0.892232 0.920233 0.936583 0.936462 0.892927 0.874178 0.291109 0.919763 0.922126 0.972233 0.922152 0.969863 0.959081
GCF_000013265.1 0.307962 0.338927 0.305526 0.000000 0.459671 0.292226 0.962725 0.829454 0.929436 0.973129 0.406271 0.338391 0.403355 0.439796 0.398796 0.405034 0.413871 0.888424 0.929502 0.940360 0.940342 0.899586 0.889190 0.403095 0.929048 0.934471 0.962655 0.934688 0.962502 0.952910
GCF_000019645.1 0.469358 0.481311 0.465041 0.459671 0.000000 0.458035 0.770194 0.807744 0.832796 0.776961 0.565674 0.494663 0.563062 0.601312 0.563565 0.566152 0.571181 0.865359 0.832938 0.815450 0.815345 0.858500 0.873360 0.563579 0.832379 0.830107 0.792933 0.830142 0.794644 0.816789
GCF_000210475.1 0.157500 0.272952 0.190595 0.292226 0.458035 0.000000 0.973720 0.812039 0.921250 0.973719 0.320170 0.244663 0.316979 0.359372 0.321257 0.321474 0.324978 0.886856 0.921417 0.936068 0.936024 0.892681 0.876359 0.311927 0.920800 0.922427 0.969353 0.922646 0.970168 0.954106
GCF_002853715.1 0.981251 0.974126 0.977765 0.962725 0.770194 0.973720 0.000000 0.451169 0.369524 0.194989 0.912416 0.973923 0.912024 0.876903 0.905677 0.909749 0.903840 0.397194 0.369637 0.337472 0.337327 0.376557 0.388360 0.912634 0.369010 0.352142 0.318104 0.352569 0.324487 0.370713
GCF_003018035.1 0.820051 0.766190 0.801867 0.829454 0.807744 0.812039 0.451169 0.000000 0.204929 0.474024 0.804031 0.738956 0.807634 0.774624 0.806745 0.795194 0.813948 0.426812 0.204869 0.229155 0.229126 0.274215 0.251112 0.814540 0.204251 0.208467 0.248214 0.207915 0.308204 0.465037
GCF_003018455.1 0.928717 0.887255 0.920175 0.929436 0.832796 0.921250 0.369524 0.204929 0.000000 0.392513 0.787156 0.880536 0.792732 0.766130 0.796742 0.795108 0.795389 0.373434 0.001502 0.097256 0.097183 0.142129 0.102541 0.801659 0.001466 0.053842 0.084324 0.053246 0.193404 0.352187
GCF_003697165.2 0.981328 0.978122 0.979954 0.973129 0.776961 0.973719 0.194989 0.474024 0.392513 0.000000 0.916451 0.975414 0.916807 0.882589 0.912903 0.918692 0.912510 0.415441 0.391557 0.363168 0.363119 0.395483 0.407763 0.916955 0.391063 0.370686 0.346809 0.371049 0.351980 0.386680
GCF_024300685.1 0.340982 0.299883 0.295204 0.406271 0.565674 0.320170 0.912416 0.804031 0.787156 0.916451 0.000000 0.115511 0.041651 0.108077 0.046790 0.037413 0.072777 0.821376 0.788111 0.824243 0.824110 0.772799 0.745910 0.045135 0.787970 0.801233 0.846804 0.801287 0.867644 0.878027
GCF_027925745.1 0.264040 0.235749 0.211520 0.338391 0.494663 0.244663 0.973923 0.738956 0.880536 0.975414 0.115511 0.000000 0.122257 0.181897 0.130297 0.133560 0.146121 0.883306 0.880611 0.906313 0.906203 0.855272 0.825418 0.119044 0.880554 0.880642 0.940855 0.880906 0.947067 0.947771
GCF_027925765.1 0.337028 0.299514 0.291035 0.403355 0.563062 0.316979 0.912024 0.807634 0.792732 0.916807 0.041651 0.122257 0.000000 0.088445 0.035677 0.029992 0.060066 0.821917 0.793185 0.817141 0.817081 0.768994 0.750604 0.026437 0.793373 0.797459 0.857438 0.797604 0.871225 0.877386
GCF_027925785.1 0.385185 0.349574 0.339219 0.439796 0.601312 0.359372 0.876903 0.774624 0.766130 0.882589 0.108077 0.181897 0.088445 0.000000 0.092139 0.086682 0.107761 0.786708 0.766914 0.763477 0.763178 0.729910 0.719453 0.087335 0.766137 0.756222 0.826677 0.756312 0.827482 0.841150
GCF_027925805.1 0.341947 0.302195 0.293421 0.398796 0.563565 0.321257 0.905677 0.806745 0.796742 0.912903 0.046790 0.130297 0.035677 0.092139 0.000000 0.037626 0.080927 0.819596 0.798331 0.817847 0.817635 0.762744 0.747332 0.038321 0.798148 0.807251 0.854724 0.807338 0.863367 0.881881
GCF_027925825.1 0.342655 0.296168 0.295238 0.405034 0.566152 0.321474 0.909749 0.795194 0.795108 0.918692 0.037413 0.133560 0.029992 0.086682 0.037626 0.000000 0.066897 0.820547 0.795075 0.817562 0.817275 0.781849 0.754020 0.031810 0.794518 0.809006 0.845112 0.808427 0.866615 0.877914
GCF_040571355.1 0.350613 0.316474 0.302144 0.413871 0.571181 0.324978 0.903840 0.813948 0.795389 0.912510 0.072777 0.146121 0.060066 0.107761 0.080927 0.066897 0.000000 0.812656 0.795385 0.811575 0.811087 0.771347 0.750203 0.064857 0.794885 0.796139 0.856813 0.796387 0.864485 0.878611
GCF_044324875.1 0.895737 0.889275 0.892232 0.888424 0.865359 0.886856 0.397194 0.426812 0.373434 0.415441 0.821376 0.883306 0.821917 0.786708 0.819596 0.820547 0.812656 0.000000 0.373089 0.371556 0.371659 0.351535 0.336873 0.819745 0.372656 0.354741 0.401056 0.354855 0.403925 0.410913
GCF_048568945.1 0.928906 0.887252 0.920233 0.929502 0.832938 0.921417 0.369637 0.204869 0.001502 0.391557 0.788111 0.880611 0.793185 0.766914 0.798331 0.795075 0.795385 0.373089 0.000000 0.096605 0.096492 0.141516 0.101835 0.801187 0.000677 0.053062 0.083579 0.052504 0.192782 0.352219
GCF_048568955.1 0.947526 0.911944 0.936583 0.940360 0.815450 0.936068 0.337472 0.229155 0.097256 0.363168 0.824243 0.906313 0.817141 0.763477 0.817847 0.817562 0.811575 0.371556 0.096605 0.000000 0.000703 0.107133 0.132563 0.815831 0.096269 0.069057 0.097316 0.068491 0.167419 0.340431
GCF_048568965.1 0.947174 0.912019 0.936462 0.940342 0.815345 0.936024 0.337327 0.229126 0.097183 0.363119 0.824110 0.906203 0.817081 0.763178 0.817635 0.817275 0.811087 0.371659 0.096492 0.000703 0.000000 0.107328 0.132648 0.815794 0.096276 0.069241 0.097300 0.068673 0.167406 0.340466
GCF_048568975.1 0.902666 0.873012 0.892927 0.899586 0.858500 0.892681 0.376557 0.274215 0.142129 0.395483 0.772799 0.855272 0.768994 0.729910 0.762744 0.781849 0.771347 0.351535 0.141516 0.107133 0.107328 0.000000 0.068184 0.771765 0.141653 0.118319 0.155377 0.118897 0.212919 0.389966
GCF_048571315.1 0.883836 0.852907 0.874178 0.889190 0.873360 0.876359 0.388360 0.251112 0.102541 0.407763 0.745910 0.825418 0.750604 0.719453 0.747332 0.754020 0.750203 0.336873 0.101835 0.132563 0.132648 0.068184 0.000000 0.743507 0.102372 0.075010 0.146757 0.075523 0.233059 0.411144
GCF_048571525.1 0.336789 0.307221 0.291109 0.403095 0.563579 0.311927 0.912634 0.814540 0.801659 0.916955 0.045135 0.119044 0.026437 0.087335 0.038321 0.031810 0.064857 0.819745 0.801187 0.815831 0.815794 0.771765 0.743507 0.000000 0.801318 0.796105 0.860172 0.796186 0.868530 0.884972
GCF_048571565.1 0.928581 0.886642 0.919763 0.929048 0.832379 0.920800 0.369010 0.204251 0.001466 0.391063 0.787970 0.880554 0.793373 0.766137 0.798148 0.794518 0.794885 0.372656 0.000677 0.096269 0.096276 0.141653 0.102372 0.801318 0.000000 0.053682 0.084200 0.053094 0.192693 0.352289
GCF_048571605.1 0.930694 0.897787 0.922126 0.934471 0.830107 0.922427 0.352142 0.208467 0.053842 0.370686 0.801233 0.880642 0.797459 0.756222 0.807251 0.809006 0.796139 0.354741 0.053062 0.069057 0.069241 0.118319 0.075010 0.796105 0.053682 0.000000 0.102444 0.001283 0.190534 0.356897
GCF_048571645.1 0.978758 0.930900 0.972233 0.962655 0.792933 0.969353 0.318104 0.248214 0.084324 0.346809 0.846804 0.940855 0.857438 0.826677 0.854724 0.845112 0.856813 0.401056 0.083579 0.097316 0.097300 0.155377 0.146757 0.860172 0.084200 0.102444 0.000000 0.101721 0.126866 0.313112
GCF_048571815.1 0.930920 0.898125 0.922152 0.934688 0.830142 0.922646 0.352569 0.207915 0.053246 0.371049 0.801287 0.880906 0.797604 0.756312 0.807338 0.808427 0.796387 0.354855 0.052504 0.068491 0.068673 0.118897 0.075523 0.796186 0.053094 0.001283 0.101721 0.000000 0.190550 0.356922
GCF_051012485.1 0.979127 0.947440 0.969863 0.962502 0.794644 0.970168 0.324487 0.308204 0.193404 0.351980 0.867644 0.947067 0.871225 0.827482 0.863367 0.866615 0.864485 0.403925 0.192782 0.167419 0.167406 0.212919 0.233059 0.868530 0.192693 0.190534 0.126866 0.190550 0.000000 0.328307
GCF_053078305.1 0.963219 0.936385 0.959081 0.952910 0.816789 0.954106 0.370713 0.465037 0.352187 0.386680 0.878027 0.947771 0.877386 0.841150 0.881881 0.877914 0.878611 0.410913 0.352219 0.340431 0.340466 0.389966 0.411144 0.884972 0.352289 0.356897 0.313112 0.356922 0.328307 0.000000
