30
GCF_000005845.2 0.000000  1.192589  1.186713  1.190779  1.195189  1.188035  1.205275  1.202854  1.203347  1.205447  1.184957  1.192106  1.193464  1.194443  1.191161  1.193630  1.186916  1.204214  1.203118  1.204542  1.204495  1.204387  1.203964  1.185741  1.204008  1.204810  1.205091  1.204401  1.205678  1.204207
GCF_000008865.2 1.192589  0.000000  1.188978  1.192108  1.195007  1.189796  1.205465  1.199299  1.202866  1.205616  1.184013  1.190167  1.191911  1.192021  1.191151  1.191171  1.185825  1.202764  1.202781  1.203667  1.203751  1.203023  1.202751  1.183905  1.202709  1.203657  1.203592  1.203470  1.204484  1.204051
GCF_000010385.1 1.186713  1.188978  0.000000  1.189780  1.195171  1.188045  1.204090  1.200182  1.202290  1.204832  1.181605  1.188475  1.190234  1.190980  1.190230  1.190098  1.184830  1.201667  1.202463  1.203017  1.203081  1.202052  1.201888  1.182925  1.202551  1.202650  1.203660  1.202726  1.203479  1.203084
GCF_000013265.1 1.190779  1.192108  1.189780  0.000000  1.193319  1.190231  1.203131  1.200459  1.202486  1.204983  1.185284  1.191056  1.192436  1.193164  1.192693  1.192332  1.187690  1.201580  1.203284  1.202268  1.202314  1.201703  1.201742  1.186554  1.202457  1.202519  1.202903  1.202384  1.203264  1.203257
GCF_000019645.1 1.195189  1.195007  1.195171  1.193319  0.000000  1.194130  1.201740  1.201242  1.201654  1.200597  1.189045  1.194706  1.195942  1.196993  1.196390  1.196419  1.190155  1.201753  1.201888  1.201121  1.201133  1.202114  1.202594  1.189614  1.201845  1.201766  1.200790  1.202140  1.201019  1.201305
GCF_000210475.1 1.188035  1.189796  1.188045  1.190231  1.194130  0.000000  1.202652  1.199239  1.201289  1.203927  1.182255  1.187962  1.189616  1.190688  1.190141  1.190005  1.183545  1.200663  1.201710  1.201429  1.201550  1.200907  1.200669  1.182659  1.201649  1.201522  1.202273  1.201857  1.202863  1.202665
GCF_002853715.1 1.205275  1.205465  1.204090  1.203131  1.201740  1.202652  0.000000  1.163844  1.192920  1.190750  1.203168  1.203606  1.202790  1.202458  1.202793  1.200966  1.203099  1.193716  1.192509  1.192131  1.190225  1.192277  1.193248  1.202665  1.192484  1.192416  1.191826  1.192611  1.192075  1.193648
GCF_003018035.1 1.202854  1.199299  1.200182  1.200459  1.201242  1.199239  1.163844  0.000000  1.162413  1.176844  1.198536  1.199053  1.200416  1.199986  1.200487  1.198606  1.200262  1.173251  1.162465  1.164512  1.164589  1.166031  1.165008  1.200058  1.162343  1.164295  1.164094  1.164054  1.167605  1.174276
GCF_003018455.1 1.203347  1.202866  1.202290  1.202486  1.201654  1.201289  1.192920  1.162413  0.000000  1.193646  1.200308  1.200599  1.199372  1.199683  1.199854  1.199631  1.199608  1.193673  1.183807  1.185331  1.185894  1.185912  1.185913  1.198308  1.183889  1.184516  1.184884  1.184676  1.188534  1.191639
GCF_003697165.2 1.205447  1.205616  1.204832  1.204983  1.200597  1.203927  1.190750  1.176844  1.193646  0.000000  1.203115  1.203939  1.203210  1.202756  1.203187  1.203286  1.203221  1.193668  1.192733  1.192128  1.192306  1.192989  1.193237  1.203024  1.192921  1.191979  1.191960  1.191508  1.191400  1.193814
GCF_024300685.1 1.184957  1.184013  1.181605  1.185284  1.189045  1.182255  1.203168  1.198536  1.200308  1.203115  0.000000  1.186800  1.186836  1.188037  1.186404  1.186538  1.186985  1.201774  1.198734  1.199993  1.200047  1.199035  1.198519  1.183934  1.199016  1.199995  1.199816  1.199722  1.200456  1.202868
GCF_027925745.1 1.192106  1.190167  1.188475  1.191056  1.194706  1.187962  1.203606  1.199053  1.200599  1.203939  1.186800  0.000000  1.188191  1.189247  1.188263  1.187956  1.179253  1.203681  1.202530  1.203280  1.203381  1.202110  1.202008  1.177288  1.202664  1.203162  1.205016  1.203082  1.204133  1.205263
GCF_027925765.1 1.193464  1.191911  1.190234  1.192436  1.195942  1.189616  1.202790  1.200416  1.199372  1.203210  1.186836  1.188191  0.000000  1.187421  1.185676  1.185370  1.173566  1.199600  1.196655  1.196330  1.196447  1.195722  1.196132  1.170730  1.196539  1.196735  1.198004  1.196334  1.198986  1.199788
GCF_027925785.1 1.194443  1.192021  1.190980  1.193164  1.196993  1.190688  1.202458  1.199986  1.199683  1.202756  1.188037  1.189247  1.187421  0.000000  1.187771  1.187389  1.174407  1.194054  1.192079  1.191425  1.191455  1.190115  1.190877  1.172513  1.192038  1.191420  1.193141  1.191254  1.193446  1.196065
GCF_027925805.1 1.191161  1.191151  1.190230  1.192693  1.196390  1.190141  1.202793  1.200487  1.199854  1.203187  1.186404  1.188263  1.185676  1.187771  0.000000  1.186152  1.174740  1.199678  1.197304  1.197098  1.196914  1.196192  1.196017  1.171535  1.197463  1.197496  1.198496  1.197065  1.198746  1.201367
GCF_027925825.1 1.193630  1.191171  1.190098  1.192332  1.196419  1.190005  1.200966  1.198606  1.199631  1.203286  1.186538  1.187956  1.185370  1.187389  1.186152  0.000000  1.174194  1.199474  1.197002  1.196970  1.197724  1.196353  1.196378  1.171062  1.196998  1.197708  1.197970  1.197131  1.198485  1.201426
GCF_040571355.1 1.186916  1.185825  1.184830  1.187690  1.190155  1.183545  1.203099  1.200262  1.199608  1.203221  1.186985  1.179253  1.173566  1.174407  1.174740  1.174194  0.000000  1.202508  1.198625  1.200479  1.200575  1.200063  1.199433  1.185138  1.199930  1.200682  1.201418  1.200239  1.201605  1.202719
GCF_044324875.1 1.204214  1.202764  1.201667  1.201580  1.201753  1.200663  1.193716  1.173251  1.193673  1.193668  1.201774  1.203681  1.199600  1.194054  1.199678  1.199474  1.202508  0.000000  1.192473  1.192365  1.192610  1.192434  1.191774  1.201016  1.192002  1.192438  1.192956  1.192028  1.193468  1.194004
GCF_048568945.1 1.203118  1.202781  1.202463  1.203284  1.201888  1.201710  1.192509  1.162465  1.183807  1.192733  1.198734  1.202530  1.196655  1.192079  1.197304  1.197002  1.198625  1.192473  0.000000  1.186903  1.186948  1.187897  1.187270  1.200042  1.185160  1.185940  1.186563  1.186264  1.189558  1.192109
GCF_048568955.1 1.204542  1.203667  1.203017  1.202268  1.201121  1.201429  1.192131  1.164512  1.185331  1.192128  1.199993  1.203280  1.196330  1.191425  1.197098  1.196970  1.200479  1.192365  1.186903  0.000000  1.184751  1.186736  1.188001  1.200063  1.186688  1.186055  1.186408  1.185939  1.188811  1.193079
GCF_048568965.1 1.204495  1.203751  1.203081  1.202314  1.201133  1.201550  1.190225  1.164589  1.185894  1.192306  1.200047  1.203381  1.196447  1.191455  1.196914  1.197724  1.200575  1.192610  1.186948  1.184751  0.000000  1.186730  1.188001  1.200065  1.186532  1.186074  1.186373  1.186091  1.188835  1.193539
GCF_048568975.1 1.204387  1.203023  1.202052  1.201703  1.202114  1.200907  1.192277  1.166031  1.185912  1.192989  1.199035  1.202110  1.195722  1.190115  1.196192  1.196353  1.200063  1.192434  1.187897  1.186736  1.186730  0.000000  1.186401  1.199911  1.187870  1.187841  1.188223  1.187651  1.189735  1.192471
GCF_048571315.1 1.203964  1.202751  1.201888  1.201742  1.202594  1.200669  1.193248  1.165008  1.185913  1.193237  1.198519  1.202008  1.196132  1.190877  1.196017  1.196378  1.199433  1.191774  1.187270  1.188001  1.188001  1.186401  0.000000  1.199001  1.187123  1.187435  1.188705  1.187079  1.190620  1.194761
GCF_048571525.1 1.185741  1.183905  1.182925  1.186554  1.189614  1.182659  1.202665  1.200058  1.198308  1.203024  1.183934  1.177288  1.170730  1.172513  1.171535  1.171062  1.185138  1.201016  1.200042  1.200063  1.200065  1.199911  1.199001  0.000000  1.201314  1.200739  1.201590  1.201396  1.202741  1.203576
GCF_048571565.1 1.204008  1.202709  1.202551  1.202457  1.201845  1.201649  1.192484  1.162343  1.183889  1.192921  1.199016  1.202664  1.196539  1.192038  1.197463  1.196998  1.199930  1.192002  1.185160  1.186688  1.186532  1.187870  1.187123  1.201314  0.000000  1.186483  1.187024  1.186221  1.190074  1.192156
GCF_048571605.1 1.204810  1.203657  1.202650  1.202519  1.201766  1.201522  1.192416  1.164295  1.184516  1.191979  1.199995  1.203162  1.196735  1.191420  1.197496  1.197708  1.200682  1.192438  1.185940  1.186055  1.186074  1.187841  1.187435  1.200739  1.186483  0.000000  1.187919  1.185939  1.190077  1.193500
GCF_048571645.1 1.205091  1.203592  1.203660  1.202903  1.200790  1.202273  1.191826  1.164094  1.184884  1.191960  1.199816  1.205016  1.198004  1.193141  1.198496  1.197970  1.201418  1.192956  1.186563  1.186408  1.186373  1.188223  1.188705  1.201590  1.187024  1.187919  0.000000  1.188397  1.188575  1.191446
GCF_048571815.1 1.204401  1.203470  1.202726  1.202384  1.202140  1.201857  1.192611  1.164054  1.184676  1.191508  1.199722  1.203082  1.196334  1.191254  1.197065  1.197131  1.200239  1.192028  1.186264  1.185939  1.186091  1.187651  1.187079  1.201396  1.186221  1.185939  1.188397  0.000000  1.189289  1.193062
GCF_051012485.1 1.205678  1.204484  1.203479  1.203264  1.201019  1.202863  1.192075  1.167605  1.188534  1.191400  1.200456  1.204133  1.198986  1.193446  1.198746  1.198485  1.201605  1.193468  1.189558  1.188811  1.188835  1.189735  1.190620  1.202741  1.190074  1.190077  1.188575  1.189289  0.000000  1.192276
GCF_053078305.1 1.204207  1.204051  1.203084  1.203257  1.201305  1.202665  1.193648  1.174276  1.191639  1.193814  1.202868  1.205263  1.199788  1.196065  1.201367  1.201426  1.202719  1.194004  1.192109  1.193079  1.193539  1.192471  1.194761  1.203576  1.192156  1.193500  1.191446  1.193062  1.192276  0.000000
