30
GCF_000005845.2 0.000000 0.999818 0.999764 0.999759 0.999792 0.999751 0.999805 0.999839 0.999819 0.999803 0.999862 0.999795 0.999834 0.999824 0.999827 0.999818 0.999785 0.999785 0.999757 0.999768 0.999772 0.999786 0.999796 0.999785 0.999751 0.999810 0.999814 0.999822 0.999764 0.999827
GCF_000008865.2 0.999818 0.000000 0.999809 0.999811 0.999826 0.999764 0.999819 0.999856 0.999826 0.999823 0.999825 0.999815 0.999813 0.999815 0.999833 0.999814 0.999800 0.999788 0.999796 0.999811 0.999813 0.999812 0.999818 0.999797 0.999799 0.999811 0.999822 0.999804 0.999793 0.999806
GCF_000010385.1 0.999764 0.999809 0.000000 0.999752 0.999778 0.999742 0.999760 0.999825 0.999824 0.999763 0.999809 0.999784 0.999829 0.999792 0.999816 0.999790 0.999762 0.999786 0.999783 0.999795 0.999798 0.999775 0.999795 0.999778 0.999778 0.999784 0.999790 0.999779 0.999756 0.999825
GCF_000013265.1 0.999759 0.999811 0.999752 0.000000 0.999787 0.999759 0.999758 0.999822 0.999805 0.999776 0.999809 0.999789 0.999830 0.999785 0.999819 0.999801 0.999765 0.999809 0.999780 0.999792 0.999796 0.999764 0.999792 0.999773 0.999766 0.999774 0.999779 0.999775 0.999750 0.999848
GCF_000019645.1 0.999792 0.999826 0.999778 0.999787 0.000000 0.999744 0.999773 0.999838 0.999823 0.999766 0.999811 0.999779 0.999836 0.999800 0.999823 0.999797 0.999769 0.999788 0.999780 0.999779 0.999783 0.999768 0.999787 0.999778 0.999777 0.999776 0.999789 0.999772 0.999753 0.999826
GCF_000210475.1 0.999751 0.999764 0.999742 0.999759 0.999744 0.000000 0.999761 0.999820 0.999804 0.999771 0.999795 0.999781 0.999818 0.999786 0.999806 0.999791 0.999775 0.999791 0.999775 0.999786 0.999789 0.999774 0.999797 0.999768 0.999773 0.999784 0.999776 0.999783 0.999756 0.999824
GCF_002853715.1 0.999805 0.999819 0.999760 0.999758 0.999773 0.999761 0.000000 0.999829 0.999833 0.999813 0.999876 0.999796 0.999828 0.999827 0.999844 0.999830 0.999780 0.999797 0.999758 0.999773 0.999776 0.999784 0.999783 0.999784 0.999752 0.999805 0.999800 0.999805 0.999755 0.999837
GCF_003018035.1 0.999839 0.999856 0.999825 0.999822 0.999838 0.999820 0.999829 0.000000 0.999829 0.999811 0.999832 0.999790 0.999833 0.999793 0.999815 0.999800 0.999783 0.999808 0.999803 0.999808 0.999812 0.999784 0.999809 0.999789 0.999788 0.999799 0.999800 0.999792 0.999765 0.999842
GCF_003018455.1 0.999819 0.999826 0.999824 0.999805 0.999823 0.999804 0.999833 0.999829 0.000000 0.999784 0.999793 0.999824 0.999837 0.999836 0.999844 0.999816 0.999757 0.999746 0.999771 0.999797 0.999799 0.999819 0.999808 0.999807 0.999764 0.999820 0.999836 0.999816 0.999775 0.999755
GCF_003697165.2 0.999803 0.999823 0.999763 0.999776 0.999766 0.999771 0.999813 0.999811 0.999784 0.000000 0.999869 0.999797 0.999833 0.999814 0.999836 0.999822 0.999768 0.999787 0.999754 0.999773 0.999772 0.999785 0.999781 0.999791 0.999751 0.999794 0.999799 0.999799 0.999761 0.999832
GCF_024300685.1 0.999862 0.999825 0.999809 0.999809 0.999811 0.999795 0.999876 0.999832 0.999793 0.999869 0.000000 0.999816 0.999842 0.999838 0.999851 0.999823 0.999796 0.999791 0.999753 0.999766 0.999769 0.999779 0.999795 0.999778 0.999751 0.999810 0.999813 0.999815 0.999772 0.999820
GCF_027925745.1 0.999795 0.999815 0.999784 0.999789 0.999779 0.999781 0.999796 0.999790 0.999824 0.999797 0.999816 0.000000 0.999806 0.999817 0.999830 0.999813 0.999793 0.999785 0.999791 0.999798 0.999803 0.999803 0.999816 0.999796 0.999780 0.999807 0.999819 0.999806 0.999785 0.999802
GCF_027925765.1 0.999834 0.999813 0.999829 0.999830 0.999836 0.999818 0.999828 0.999833 0.999837 0.999833 0.999842 0.999806 0.000000 0.999817 0.999836 0.999804 0.999800 0.999787 0.999788 0.999799 0.999802 0.999803 0.999815 0.999796 0.999783 0.999819 0.999829 0.999814 0.999778 0.999794
GCF_027925785.1 0.999824 0.999815 0.999792 0.999785 0.999800 0.999786 0.999827 0.999793 0.999836 0.999814 0.999838 0.999817 0.999817 0.000000 0.999838 0.999810 0.999793 0.999784 0.999762 0.999772 0.999775 0.999791 0.999797 0.999782 0.999761 0.999815 0.999824 0.999818 0.999775 0.999805
GCF_027925805.1 0.999827 0.999833 0.999816 0.999819 0.999823 0.999806 0.999844 0.999815 0.999844 0.999836 0.999851 0.999830 0.999836 0.999838 0.000000 0.999811 0.999798 0.999790 0.999792 0.999800 0.999804 0.999802 0.999816 0.999796 0.999785 0.999817 0.999822 0.999814 0.999776 0.999799
GCF_027925825.1 0.999818 0.999814 0.999790 0.999801 0.999797 0.999791 0.999830 0.999800 0.999816 0.999822 0.999823 0.999813 0.999804 0.999810 0.999811 0.000000 0.999774 0.999788 0.999762 0.999778 0.999780 0.999789 0.999791 0.999788 0.999758 0.999814 0.999804 0.999812 0.999762 0.999812
GCF_040571355.1 0.999785 0.999800 0.999762 0.999765 0.999769 0.999775 0.999780 0.999783 0.999757 0.999768 0.999796 0.999793 0.999800 0.999793 0.999798 0.999774 0.000000 0.999801 0.999784 0.999791 0.999793 0.999769 0.999788 0.999772 0.999772 0.999783 0.999783 0.999777 0.999751 0.999840
GCF_044324875.1 0.999785 0.999788 0.999786 0.999809 0.999788 0.999791 0.999797 0.999808 0.999746 0.999787 0.999791 0.999785 0.999787 0.999784 0.999790 0.999788 0.999801 0.000000 0.999754 0.999767 0.999769 0.999788 0.999791 0.999781 0.999745 0.999806 0.999811 0.999818 0.999766 0.999833
GCF_048568945.1 0.999757 0.999796 0.999783 0.999780 0.999780 0.999775 0.999758 0.999803 0.999771 0.999754 0.999753 0.999791 0.999788 0.999762 0.999792 0.999762 0.999784 0.999754 0.000000 0.999772 0.999773 0.999769 0.999811 0.999796 0.999789 0.999792 0.999810 0.999796 0.999762 0.999829
GCF_048568955.1 0.999768 0.999811 0.999795 0.999792 0.999779 0.999786 0.999773 0.999808 0.999797 0.999773 0.999766 0.999798 0.999799 0.999772 0.999800 0.999778 0.999791 0.999767 0.999772 0.000000 0.999768 0.999786 0.999797 0.999784 0.999750 0.999810 0.999814 0.999817 0.999770 0.999824
GCF_048568965.1 0.999772 0.999813 0.999798 0.999796 0.999783 0.999789 0.999776 0.999812 0.999799 0.999772 0.999769 0.999803 0.999802 0.999775 0.999804 0.999780 0.999793 0.999769 0.999773 0.999768 0.000000 0.999786 0.999796 0.999785 0.999749 0.999809 0.999810 0.999816 0.999770 0.999824
GCF_048568975.1 0.999786 0.999812 0.999775 0.999764 0.999768 0.999774 0.999784 0.999784 0.999819 0.999785 0.999779 0.999803 0.999803 0.999791 0.999802 0.999789 0.999769 0.999788 0.999769 0.999786 0.999786 0.000000 0.999782 0.999780 0.999752 0.999806 0.999799 0.999804 0.999753 0.999820
GCF_048571315.1 0.999796 0.999818 0.999795 0.999792 0.999787 0.999797 0.999783 0.999809 0.999808 0.999781 0.999795 0.999816 0.999815 0.999797 0.999816 0.999791 0.999788 0.999791 0.999811 0.999797 0.999796 0.999782 0.000000 0.999792 0.999792 0.999801 0.999810 0.999792 0.999783 0.999807
GCF_048571525.1 0.999785 0.999797 0.999778 0.999773 0.999778 0.999768 0.999784 0.999789 0.999807 0.999791 0.999778 0.999796 0.999796 0.999782 0.999796 0.999788 0.999772 0.999781 0.999796 0.999784 0.999785 0.999780 0.999792 0.000000 0.999794 0.999787 0.999789 0.999790 0.999776 0.999799
GCF_048571565.1 0.999751 0.999799 0.999778 0.999766 0.999777 0.999773 0.999752 0.999788 0.999764 0.999751 0.999751 0.999780 0.999783 0.999761 0.999785 0.999758 0.999772 0.999745 0.999789 0.999750 0.999749 0.999752 0.999792 0.999794 0.000000 0.999790 0.999803 0.999787 0.999749 0.999823
GCF_048571605.1 0.999810 0.999811 0.999784 0.999774 0.999776 0.999784 0.999805 0.999799 0.999820 0.999794 0.999810 0.999807 0.999819 0.999815 0.999817 0.999814 0.999783 0.999806 0.999792 0.999810 0.999809 0.999806 0.999801 0.999787 0.999790 0.000000 0.999786 0.999798 0.999763 0.999813
GCF_048571645.1 0.999814 0.999822 0.999790 0.999779 0.999789 0.999776 0.999800 0.999800 0.999836 0.999799 0.999813 0.999819 0.999829 0.999824 0.999822 0.999804 0.999783 0.999811 0.999810 0.999814 0.999810 0.999799 0.999810 0.999789 0.999803 0.999786 0.000000 0.999799 0.999803 0.999794
GCF_048571815.1 0.999822 0.999804 0.999779 0.999775 0.999772 0.999783 0.999805 0.999792 0.999816 0.999799 0.999815 0.999806 0.999814 0.999818 0.999814 0.999812 0.999777 0.999818 0.999796 0.999817 0.999816 0.999804 0.999792 0.999790 0.999787 0.999798 0.999799 0.000000 0.999764 0.999820
GCF_051012485.1 0.999764 0.999793 0.999756 0.999750 0.999753 0.999756 0.999755 0.999765 0.999775 0.999761 0.999772 0.999785 0.999778 0.999775 0.999776 0.999762 0.999751 0.999766 0.999762 0.999770 0.999770 0.999753 0.999783 0.999776 0.999749 0.999763 0.999803 0.999764 0.000000 0.999821
GCF_053078305.1 0.999827 0.999806 0.999825 0.999848 0.999826 0.999824 0.999837 0.999842 0.999755 0.999832 0.999820 0.999802 0.999794 0.999805 0.999799 0.999812 0.999840 0.999833 0.999829 0.999824 0.999824 0.999820 0.999807 0.999799 0.999823 0.999813 0.999794 0.999820 0.999821 0.000000
