30
GCF_000005845.2 0.000000 0.996579 0.996171 0.996330 0.996304 0.996337 0.996171 0.996897 0.996844 0.996277 0.996775 0.996777 0.996766 0.996744 0.996756 0.996801 0.996741 0.996774 0.996885 0.996830 0.996840 0.996785 0.996806 0.996734 0.996885 0.996794 0.996862 0.996781 0.996814 0.996910
GCF_000008865.2 0.996579 0.000000 0.996599 0.996599 0.996591 0.996558 0.996581 0.996869 0.996844 0.996669 0.996761 0.996741 0.996761 0.996722 0.996747 0.996786 0.996759 0.996781 0.996844 0.996818 0.996835 0.996774 0.996789 0.996713 0.996845 0.996754 0.996836 0.996749 0.996791 0.996867
GCF_000010385.1 0.996171 0.996599 0.000000 0.996333 0.996326 0.996350 0.996192 0.996889 0.996879 0.996295 0.996779 0.996759 0.996755 0.996741 0.996767 0.996815 0.996757 0.996790 0.996858 0.996834 0.996853 0.996783 0.996817 0.996735 0.996877 0.996801 0.996862 0.996786 0.996800 0.996911
GCF_000013265.1 0.996330 0.996599 0.996333 0.000000 0.996304 0.996343 0.996232 0.996842 0.996826 0.996389 0.996795 0.996745 0.996745 0.996729 0.996736 0.996775 0.996789 0.996737 0.996834 0.996823 0.996833 0.996763 0.996791 0.996739 0.996845 0.996760 0.996825 0.996764 0.996768 0.996880
GCF_000019645.1 0.996304 0.996591 0.996326 0.996304 0.000000 0.996340 0.996260 0.996838 0.996844 0.996392 0.996770 0.996737 0.996748 0.996712 0.996744 0.996780 0.996760 0.996736 0.996823 0.996805 0.996809 0.996745 0.996769 0.996722 0.996822 0.996751 0.996803 0.996741 0.996770 0.996885
GCF_000210475.1 0.996337 0.996558 0.996350 0.996343 0.996340 0.000000 0.996329 0.996849 0.996842 0.996487 0.996784 0.996735 0.996762 0.996722 0.996739 0.996787 0.996763 0.996734 0.996866 0.996809 0.996827 0.996772 0.996799 0.996727 0.996856 0.996777 0.996848 0.996759 0.996775 0.996890
GCF_002853715.1 0.996171 0.996581 0.996192 0.996232 0.996260 0.996329 0.000000 0.996904 0.996896 0.996325 0.996895 0.996791 0.996811 0.996771 0.996818 0.996841 0.996857 0.996807 0.996819 0.996779 0.996780 0.996724 0.996771 0.996751 0.996831 0.996736 0.996806 0.996716 0.996741 0.996933
GCF_003018035.1 0.996897 0.996869 0.996889 0.996842 0.996838 0.996849 0.996904 0.000000 0.996786 0.996832 0.996840 0.996750 0.996766 0.996742 0.996755 0.996774 0.996817 0.996748 0.996794 0.996762 0.996780 0.996764 0.996772 0.996794 0.996794 0.996773 0.996781 0.996750 0.996756 0.996872
GCF_003018455.1 0.996844 0.996844 0.996879 0.996826 0.996844 0.996842 0.996896 0.996786 0.000000 0.996963 0.996938 0.996880 0.996894 0.996875 0.996880 0.996891 0.996931 0.996908 0.996790 0.996782 0.996795 0.996803 0.996811 0.996796 0.996789 0.996810 0.996799 0.996810 0.996808 0.996938
GCF_003697165.2 0.996277 0.996669 0.996295 0.996389 0.996392 0.996487 0.996325 0.996832 0.996963 0.000000 0.996892 0.996811 0.996820 0.996781 0.996801 0.996854 0.996886 0.996822 0.996849 0.996779 0.996801 0.996736 0.996768 0.996763 0.996836 0.996737 0.996794 0.996725 0.996755 0.996924
GCF_024300685.1 0.996775 0.996761 0.996779 0.996795 0.996770 0.996784 0.996895 0.996840 0.996938 0.996892 0.000000 0.996803 0.996820 0.996816 0.996804 0.996822 0.996859 0.996851 0.996780 0.996698 0.996731 0.996745 0.996759 0.996751 0.996776 0.996760 0.996742 0.996732 0.996761 0.996932
GCF_027925745.1 0.996777 0.996741 0.996759 0.996745 0.996737 0.996735 0.996791 0.996750 0.996880 0.996811 0.996803 0.000000 0.996756 0.996721 0.996720 0.996769 0.996706 0.996747 0.996851 0.996805 0.996823 0.996798 0.996785 0.996691 0.996847 0.996780 0.996839 0.996766 0.996785 0.996900
GCF_027925765.1 0.996766 0.996761 0.996755 0.996745 0.996748 0.996762 0.996811 0.996766 0.996894 0.996820 0.996820 0.996756 0.000000 0.996732 0.996739 0.996788 0.996682 0.996728 0.996830 0.996753 0.996765 0.996747 0.996756 0.996631 0.996819 0.996747 0.996781 0.996736 0.996759 0.996882
GCF_027925785.1 0.996744 0.996722 0.996741 0.996729 0.996712 0.996722 0.996771 0.996742 0.996875 0.996781 0.996816 0.996721 0.996732 0.000000 0.996728 0.996761 0.996676 0.996742 0.996808 0.996768 0.996786 0.996712 0.996764 0.996657 0.996816 0.996724 0.996785 0.996707 0.996739 0.996867
GCF_027925805.1 0.996756 0.996747 0.996767 0.996736 0.996744 0.996739 0.996818 0.996755 0.996880 0.996801 0.996804 0.996720 0.996739 0.996728 0.000000 0.996779 0.996669 0.996734 0.996813 0.996771 0.996774 0.996732 0.996758 0.996639 0.996807 0.996740 0.996796 0.996717 0.996755 0.996869
GCF_027925825.1 0.996801 0.996786 0.996815 0.996775 0.996780 0.996787 0.996841 0.996774 0.996891 0.996854 0.996822 0.996769 0.996788 0.996761 0.996779 0.000000 0.996694 0.996771 0.996822 0.996758 0.996782 0.996787 0.996789 0.996678 0.996820 0.996775 0.996767 0.996761 0.996777 0.996869
GCF_040571355.1 0.996741 0.996759 0.996757 0.996789 0.996760 0.996763 0.996857 0.996817 0.996931 0.996886 0.996859 0.996706 0.996682 0.996676 0.996669 0.996694 0.000000 0.996836 0.996784 0.996721 0.996732 0.996736 0.996740 0.996717 0.996794 0.996720 0.996751 0.996695 0.996734 0.996924
GCF_044324875.1 0.996774 0.996781 0.996790 0.996737 0.996736 0.996734 0.996807 0.996748 0.996908 0.996822 0.996851 0.996747 0.996728 0.996742 0.996734 0.996771 0.996836 0.000000 0.996839 0.996769 0.996799 0.996749 0.996758 0.996775 0.996850 0.996750 0.996805 0.996740 0.996759 0.996948
GCF_048568945.1 0.996885 0.996844 0.996858 0.996834 0.996823 0.996866 0.996819 0.996794 0.996790 0.996849 0.996780 0.996851 0.996830 0.996808 0.996813 0.996822 0.996784 0.996839 0.000000 0.996887 0.996902 0.996902 0.996919 0.996904 0.996902 0.996918 0.996895 0.996905 0.996930 0.996956
GCF_048568955.1 0.996830 0.996818 0.996834 0.996823 0.996805 0.996809 0.996779 0.996762 0.996782 0.996779 0.996698 0.996805 0.996753 0.996768 0.996771 0.996758 0.996721 0.996769 0.996887 0.000000 0.996874 0.996885 0.996903 0.996880 0.996906 0.996885 0.996887 0.996865 0.996903 0.996948
GCF_048568965.1 0.996840 0.996835 0.996853 0.996833 0.996809 0.996827 0.996780 0.996780 0.996795 0.996801 0.996731 0.996823 0.996765 0.996786 0.996774 0.996782 0.996732 0.996799 0.996902 0.996874 0.000000 0.996875 0.996894 0.996888 0.996912 0.996896 0.996896 0.996889 0.996887 0.996950
GCF_048568975.1 0.996785 0.996774 0.996783 0.996763 0.996745 0.996772 0.996724 0.996764 0.996803 0.996736 0.996745 0.996798 0.996747 0.996712 0.996732 0.996787 0.996736 0.996749 0.996902 0.996885 0.996875 0.000000 0.996847 0.996844 0.996920 0.996832 0.996887 0.996797 0.996843 0.996951
GCF_048571315.1 0.996806 0.996789 0.996817 0.996791 0.996769 0.996799 0.996771 0.996772 0.996811 0.996768 0.996759 0.996785 0.996756 0.996764 0.996758 0.996789 0.996740 0.996758 0.996919 0.996903 0.996894 0.996847 0.000000 0.996842 0.996931 0.996832 0.996897 0.996833 0.996875 0.996966
GCF_048571525.1 0.996734 0.996713 0.996735 0.996739 0.996722 0.996727 0.996751 0.996794 0.996796 0.996763 0.996751 0.996691 0.996631 0.996657 0.996639 0.996678 0.996717 0.996775 0.996904 0.996880 0.996888 0.996844 0.996842 0.000000 0.996905 0.996864 0.996882 0.996829 0.996868 0.996954
GCF_048571565.1 0.996885 0.996845 0.996877 0.996845 0.996822 0.996856 0.996831 0.996794 0.996789 0.996836 0.996776 0.996847 0.996819 0.996816 0.996807 0.996820 0.996794 0.996850 0.996902 0.996906 0.996912 0.996920 0.996931 0.996905 0.000000 0.996921 0.996910 0.996887 0.996930 0.996953
GCF_048571605.1 0.996794 0.996754 0.996801 0.996760 0.996751 0.996777 0.996736 0.996773 0.996810 0.996737 0.996760 0.996780 0.996747 0.996724 0.996740 0.996775 0.996720 0.996750 0.996918 0.996885 0.996896 0.996832 0.996832 0.996864 0.996921 0.000000 0.996888 0.996818 0.996843 0.996965
GCF_048571645.1 0.996862 0.996836 0.996862 0.996825 0.996803 0.996848 0.996806 0.996781 0.996799 0.996794 0.996742 0.996839 0.996781 0.996785 0.996796 0.996767 0.996751 0.996805 0.996895 0.996887 0.996896 0.996887 0.996897 0.996882 0.996910 0.996888 0.000000 0.996887 0.996891 0.996958
GCF_048571815.1 0.996781 0.996749 0.996786 0.996764 0.996741 0.996759 0.996716 0.996750 0.996810 0.996725 0.996732 0.996766 0.996736 0.996707 0.996717 0.996761 0.996695 0.996740 0.996905 0.996865 0.996889 0.996797 0.996833 0.996829 0.996887 0.996818 0.996887 0.000000 0.996850 0.996957
GCF_051012485.1 0.996814 0.996791 0.996800 0.996768 0.996770 0.996775 0.996741 0.996756 0.996808 0.996755 0.996761 0.996785 0.996759 0.996739 0.996755 0.996777 0.996734 0.996759 0.996930 0.996903 0.996887 0.996843 0.996875 0.996868 0.996930 0.996843 0.996891 0.996850 0.000000 0.996964
GCF_053078305.1 0.996910 0.996867 0.996911 0.996880 0.996885 0.996890 0.996933 0.996872 0.996938 0.996924 0.996932 0.996900 0.996882 0.996867 0.996869 0.996869 0.996924 0.996948 0.996956 0.996948 0.996950 0.996951 0.996966 0.996954 0.996953 0.996965 0.996958 0.996957 0.996964 0.000000
