59
Y18475.1_Orycteropus_afer_complete_mitochondrial_genome 0.000000  0.854099  0.828868  0.809895  0.836570  0.882887  0.809698  0.873237  0.873169  0.869944  0.823354  0.823995  0.853295  0.807541  0.853100  0.844267  0.831828  0.825952  0.832747  0.818780  0.856041  0.812872  0.884594  0.818674  0.811654  0.828794  0.845424  0.868324  0.828118  0.821085  0.856556  0.835432  0.833407  0.850792  0.871520  0.831403  0.834931  0.833564  0.831740  0.809124  0.879820  0.838467  0.822861  0.827204  0.812642  0.821250  0.850589  0.832354  0.827325  0.841389  0.817650  0.874408  0.858999  0.833417  0.851592  0.879252  0.864799  0.811271  0.870339
AJ224821.1_Loxodonta_africana_complete_mitochondrial_genomic_sequence 0.854099  0.000000  0.867168  0.864551  0.868151  0.922901  0.858564  0.897629  0.902828  0.892024  0.871887  0.870418  0.886295  0.835525  0.883572  0.880906  0.871964  0.873342  0.891975  0.879129  0.885537  0.863525  0.906809  0.862203  0.857722  0.875530  0.899873  0.906732  0.870892  0.868254  0.883301  0.885211  0.864826  0.900012  0.897582  0.883466  0.888152  0.881037  0.882433  0.860769  0.922148  0.874691  0.877239  0.885235  0.863277  0.870272  0.891509  0.900681  0.879276  0.886497  0.864994  0.910943  0.896131  0.874373  0.896553  0.913290  0.920316  0.852249  0.899192
Y19184.1_Lama_pacos_complete_mitochondrial_genome 0.828868  0.867168  0.000000  0.790838  0.822505  0.902176  0.787233  0.892437  0.875917  0.888685  0.808963  0.797626  0.866169  0.836028  0.882088  0.855792  0.830099  0.800342  0.800592  0.801756  0.859651  0.788140  0.878144  0.766960  0.787774  0.837881  0.860504  0.872324  0.826218  0.814731  0.841007  0.839140  0.839382  0.906908  0.895376  0.844866  0.840879  0.852554  0.837001  0.783754  0.898723  0.815700  0.834411  0.847590  0.782992  0.850286  0.855805  0.877256  0.838543  0.803453  0.802567  0.881626  0.851022  0.827804  0.865378  0.889067  0.866053  0.791324  0.887985
X97337.1_Equus_asinus_complete_mitochondrial_genome 0.809895  0.864551  0.790838  0.000000  0.789921  0.890028  0.772046  0.877305  0.853594  0.864357  0.783048  0.782263  0.851991  0.808046  0.855257  0.831819  0.823995  0.785670  0.782273  0.770401  0.843931  0.714579  0.878629  0.776292  0.543383  0.813143  0.841150  0.854501  0.808310  0.770834  0.822429  0.818045  0.818785  0.869162  0.884214  0.815388  0.815295  0.824232  0.818199  0.764027  0.890965  0.788215  0.819696  0.824368  0.768281  0.837152  0.834061  0.860700  0.816125  0.800146  0.779037  0.859109  0.830735  0.803872  0.840628  0.894782  0.847478  0.708288  0.867586
AJ428576.2_Odobenus_rosmarus_rosmarus_complete_mitochondrial_genome 0.836570  0.868151  0.822505  0.789921  0.000000  0.894187  0.806941  0.885899  0.883161  0.883849  0.776042  0.775918  0.883644  0.830458  0.878316  0.859284  0.846994  0.814386  0.821073  0.718870  0.884889  0.796628  0.902968  0.812844  0.790266  0.850006  0.869054  0.871208  0.832706  0.813903  0.847975  0.844383  0.842707  0.896959  0.900545  0.849703  0.852398  0.856316  0.827354  0.798027  0.903817  0.770196  0.848947  0.842787  0.808249  0.850181  0.856022  0.886384  0.850282  0.820202  0.692004  0.888674  0.860379  0.828325  0.863262  0.897718  0.888657  0.787123  0.899450
AJ303116.1_Tachyglossus_aculeatus_complete_mitochondrial_genome 0.882887  0.922901  0.902176  0.890028  0.894187  0.000000  0.888640  0.880549  0.915610  0.867586  0.906833  0.889183  0.901603  0.885667  0.922722  0.890031  0.902793  0.902081  0.901777  0.893359  0.910921  0.884319  0.934452  0.896316  0.902045  0.894651  0.887766  0.909349  0.895916  0.894107  0.899472  0.902969  0.891211  0.892469  0.893080  0.891984  0.895164  0.888437  0.901522  0.887517  0.747406  0.903670  0.891244  0.898478  0.888595  0.893064  0.905919  0.908230  0.890417  0.890232  0.896035  0.936836  0.914709  0.893606  0.892597  0.919954  0.907907  0.893393  0.916707
V00654.1_Bos_taurus_complete_mitochondrial_genome 0.809698  0.858564  0.787233  0.772046  0.806941  0.888640  0.000000  0.862458  0.868512  0.871662  0.797073  0.787799  0.853010  0.832671  0.844261  0.835371  0.826317  0.791495  0.754635  0.768501  0.862535  0.772487  0.872204  0.770322  0.772677  0.821488  0.844364  0.854932  0.814929  0.791165  0.831810  0.822690  0.824432  0.881364  0.874173  0.832217  0.826792  0.835435  0.826717  0.762297  0.878610  0.800870  0.820294  0.821378  0.669921  0.834203  0.838915  0.857698  0.824743  0.784353  0.791860  0.860659  0.853088  0.805990  0.842908  0.856339  0.849015  0.772033  0.862296
AF357238.1_Trichosurus_vulpecula_mitochondrion,_complete_genome 0.873237  0.897629  0.892437  0.877305  0.885899  0.880549  0.862458  0.000000  0.885628  0.737934  0.869666  0.858896  0.888441  0.882621  0.886243  0.871269  0.871228  0.864983  0.882170  0.872103  0.894422  0.863193  0.899131  0.874543  0.884283  0.881542  0.863418  0.901493  0.878975  0.863220  0.882652  0.890616  0.864017  0.794508  0.761774  0.873391  0.877096  0.860124  0.870805  0.857074  0.874542  0.892537  0.873985  0.878341  0.871930  0.879233  0.891888  0.893878  0.869756  0.884762  0.869679  0.918956  0.899832  0.876735  0.864328  0.926244  0.894793  0.869678  0.898131
X99256.1_Hylobates_lar_complete_mitochondrial_DNA_sequence 0.873169  0.902828  0.875917  0.853594  0.883161  0.915610  0.868512  0.885628  0.000000  0.899131  0.871759  0.877233  0.888372  0.876924  0.911768  0.868521  0.883462  0.876224  0.871559  0.863383  0.884934  0.859849  0.785042  0.858808  0.850136  0.871437  0.895246  0.709765  0.887783  0.854683  0.893122  0.888781  0.866677  0.914151  0.910504  0.880924  0.877521  0.882678  0.865590  0.866152  0.933006  0.884387  0.874809  0.863979  0.865946  0.894140  0.868904  0.910594  0.884477  0.875867  0.869653  0.727600  0.859915  0.878362  0.874744  0.916070  0.709039  0.852906  0.852472
Y10524.1_Macropus_robustus_complete_mitochondrial_genome 0.869944  0.892024  0.888685  0.864357  0.883849  0.867586  0.871662  0.737934  0.899131  0.000000  0.868132  0.864273  0.879478  0.872217  0.893083  0.879173  0.881967  0.871401  0.885699  0.862254  0.881650  0.865703  0.908277  0.864589  0.874033  0.875208  0.865272  0.900725  0.879186  0.858710  0.879634  0.888569  0.878122  0.794354  0.773574  0.870233  0.871955  0.862584  0.880926  0.857886  0.874706  0.878998  0.871071  0.881042  0.856477  0.868944  0.896793  0.899486  0.877587  0.883307  0.866864  0.911794  0.892267  0.867733  0.870012  0.905987  0.891356  0.860263  0.902979
U96639.2_Canis_familiaris_mitochondrion,_complete_genome 0.823354  0.871887  0.808963  0.783048  0.776042  0.906833  0.797073  0.869666  0.871759  0.868132  0.000000  0.756958  0.850022  0.834389  0.863597  0.835474  0.825146  0.799074  0.807688  0.750889  0.856856  0.783984  0.883531  0.797930  0.776146  0.821506  0.848985  0.869278  0.819791  0.805354  0.832154  0.825990  0.843453  0.876061  0.874156  0.830978  0.830405  0.842365  0.834576  0.793694  0.885654  0.769387  0.829869  0.835986  0.787838  0.847010  0.843081  0.868043  0.828168  0.828189  0.764031  0.882072  0.851536  0.806475  0.851446  0.899862  0.872840  0.781410  0.882277
U20753.1_Felis_catus_mitochondrion,_complete_genome 0.823995  0.870418  0.797626  0.782263  0.775918  0.889183  0.787799  0.858896  0.877233  0.864273  0.756958  0.000000  0.846694  0.828639  0.848832  0.830358  0.820741  0.789355  0.808006  0.759941  0.855175  0.771089  0.880736  0.801026  0.770996  0.815451  0.847430  0.861601  0.808468  0.802133  0.831585  0.812101  0.831658  0.860290  0.873708  0.831366  0.832184  0.841334  0.821342  0.774313  0.889534  0.764039  0.819406  0.821667  0.790720  0.846606  0.844531  0.866220  0.828044  0.810359  0.776288  0.878734  0.845338  0.802571  0.849280  0.886496  0.864173  0.766441  0.868226
AJ222767.1_Cavia_porcellus_complete_mitochondrial_genome 0.853295  0.886295  0.866169  0.851991  0.883644  0.901603  0.853010  0.888441  0.888372  0.879478  0.850022  0.846694  0.000000  0.855453  0.873305  0.851516  0.852607  0.847788  0.857003  0.856786  0.846215  0.860772  0.898257  0.856213  0.853995  0.849112  0.876667  0.890142  0.867180  0.861495  0.868626  0.869290  0.863952  0.891542  0.888347  0.852715  0.847782  0.856133  0.856511  0.857209  0.900307  0.860367  0.851718  0.842411  0.849608  0.870444  0.866843  0.879376  0.862780  0.862582  0.866190  0.902708  0.879561  0.854501  0.858989  0.896026  0.876383  0.851809  0.895929
AJ421723.1_Dugong_dugon_complete_mitochondrial_genome 0.807541  0.835525  0.836028  0.808046  0.830458  0.885667  0.832671  0.882621  0.876924  0.872217  0.834389  0.828639  0.855453  0.000000  0.879185  0.848786  0.823273  0.836887  0.848347  0.821280  0.872205  0.819823  0.889627  0.826034  0.815266  0.836506  0.858318  0.879586  0.852753  0.828102  0.839346  0.856380  0.840794  0.887572  0.886399  0.835182  0.837019  0.847279  0.842132  0.817449  0.899179  0.829010  0.827245  0.818234  0.822291  0.834191  0.847047  0.864583  0.846247  0.838581  0.828911  0.876790  0.847086  0.844253  0.855400  0.894904  0.877675  0.815474  0.886042
AF348079.1_Echinosorex_gymnura_mitochondrion,_complete_genome 0.853100  0.883572  0.882088  0.855257  0.878316  0.922722  0.844261  0.886243  0.911768  0.893083  0.863597  0.848832  0.873305  0.879185  0.000000  0.864981  0.858310  0.839790  0.866794  0.862516  0.874514  0.848941  0.912843  0.870756  0.863778  0.858213  0.865555  0.902399  0.852170  0.863677  0.865772  0.861047  0.867769  0.876318  0.880539  0.867014  0.868687  0.857626  0.863935  0.840987  0.893797  0.880938  0.869771  0.859969  0.843447  0.864170  0.876207  0.876982  0.864857  0.876564  0.857673  0.924548  0.890708  0.841570  0.872632  0.869678  0.913608  0.854372  0.901981
AJ238588.1_Sciurus_vulgaris_complete_mitochondrial_genome 0.844267  0.880906  0.855792  0.831819  0.859284  0.890031  0.835371  0.871269  0.868521  0.879173  0.835474  0.830358  0.851516  0.848786  0.864981  0.000000  0.818738  0.846675  0.844005  0.835756  0.855898  0.824291  0.881655  0.836929  0.821929  0.827577  0.848946  0.870961  0.845333  0.841586  0.855401  0.843185  0.834897  0.877606  0.868403  0.839190  0.838508  0.840737  0.829353  0.823267  0.878183  0.851895  0.819415  0.818812  0.827725  0.840371  0.846925  0.865933  0.841687  0.854559  0.835942  0.883853  0.861603  0.830692  0.844412  0.886478  0.856695  0.826874  0.880477
AJ421471.1_Lepus_europaeus_complete_mitochondrial_genome 0.831828  0.871964  0.830099  0.823995  0.846994  0.902793  0.826317  0.871228  0.883462  0.881967  0.825146  0.820741  0.852607  0.823273  0.858310  0.818738  0.000000  0.822839  0.837006  0.824271  0.846429  0.812779  0.875340  0.827726  0.817794  0.826675  0.836346  0.867136  0.831390  0.825842  0.847423  0.843057  0.841575  0.876433  0.881441  0.815607  0.817854  0.833666  0.790266  0.815550  0.879280  0.840328  0.686091  0.813922  0.814471  0.842972  0.832805  0.861244  0.834020  0.843267  0.826194  0.868326  0.846400  0.827119  0.849998  0.873486  0.860093  0.816866  0.876548
Y19192.1_Talpa_europaea_complete_mitochondrial_genome 0.825952  0.873342  0.800342  0.785670  0.814386  0.902081  0.791495  0.864983  0.876224  0.871401  0.799074  0.789355  0.847788  0.836887  0.839790  0.846675  0.822839  0.000000  0.815831  0.793300  0.853682  0.782030  0.877770  0.809302  0.784053  0.823481  0.836972  0.874014  0.799648  0.790854  0.838727  0.823967  0.829165  0.886738  0.871133  0.824608  0.818841  0.832466  0.831682  0.787067  0.887005  0.802369  0.827031  0.827334  0.786342  0.839301  0.843354  0.864371  0.818925  0.834701  0.809054  0.882902  0.845474  0.785335  0.841650  0.883465  0.861960  0.788042  0.885077
X61145.1_Balaenoptera_physalus_mitochondrial_complete_genome 0.832747  0.891975  0.800592  0.782273  0.821073  0.901777  0.754635  0.882170  0.871559  0.885699  0.807688  0.808006  0.857003  0.848347  0.866794  0.844005  0.837006  0.815831  0.000000  0.808035  0.857849  0.784731  0.865280  0.766017  0.779523  0.829413  0.862916  0.856544  0.813073  0.815308  0.844186  0.830236  0.839029  0.888826  0.882355  0.837440  0.834526  0.853105  0.835887  0.769232  0.890516  0.807843  0.833493  0.839842  0.765634  0.848899  0.845484  0.867263  0.835419  0.703805  0.812724  0.866378  0.850129  0.823431  0.855882  0.872573  0.872095  0.780874  0.882804
X72004.1_Halichoerus_grypus_complete_mitochondrial_genome 0.818780  0.879129  0.801756  0.770401  0.718870  0.893359  0.768501  0.872103  0.863383  0.862254  0.750889  0.759941  0.856786  0.821280  0.862516  0.835756  0.824271  0.793300  0.808035  0.000000  0.848661  0.766398  0.869080  0.794169  0.771932  0.817989  0.843382  0.859562  0.815551  0.790540  0.835429  0.817991  0.823020  0.871791  0.874099  0.826282  0.826521  0.836473  0.820619  0.777074  0.881593  0.737652  0.819134  0.823419  0.780600  0.831849  0.835725  0.866607  0.823151  0.806763  0.709308  0.865361  0.851408  0.809189  0.840436  0.877994  0.849106  0.768157  0.866168
AJ301644.1_Thryonomys_swinderianus_complete_mitochondrial_genome 0.856041  0.885537  0.859651  0.843931  0.884889  0.910921  0.862535  0.894422  0.884934  0.881650  0.856856  0.855175  0.846215  0.872205  0.874514  0.855898  0.846429  0.853682  0.857849  0.848661  0.000000  0.852806  0.892701  0.862865  0.846440  0.853853  0.850891  0.889818  0.859631  0.850919  0.845014  0.860486  0.854519  0.875508  0.884913  0.853598  0.851353  0.854318  0.865660  0.844358  0.889077  0.861616  0.852171  0.856184  0.842262  0.855890  0.861982  0.881479  0.862389  0.867335  0.858460  0.891290  0.865775  0.852623  0.863122  0.894900  0.884281  0.848487  0.899683
X97336.1_Rhinoceros_unicornis_complete_mitochondrial_genome 0.812872  0.863525  0.788140  0.714579  0.796628  0.884319  0.772487  0.863193  0.859849  0.865703  0.783984  0.771089  0.860772  0.819823  0.848941  0.824291  0.812779  0.782030  0.784731  0.766398  0.852806  0.000000  0.867142  0.777559  0.711177  0.817264  0.844019  0.852826  0.805278  0.778219  0.822994  0.802215  0.826088  0.873992  0.879036  0.814556  0.813969  0.842073  0.819758  0.764478  0.881587  0.787218  0.813817  0.814099  0.768585  0.831084  0.831698  0.870134  0.823488  0.794702  0.779946  0.854362  0.820103  0.800973  0.842341  0.881667  0.840890  0.631353  0.863445
Y18001.1_Papio_hamadryas_mitochondrial_DNA,_complete_genome 0.884594  0.906809  0.878144  0.878629  0.902968  0.934452  0.872204  0.899131  0.785042  0.908277  0.883531  0.880736  0.898257  0.889627  0.912843  0.881655  0.875340  0.877770  0.865280  0.869080  0.892701  0.867142  0.000000  0.878992  0.860873  0.878424  0.892806  0.784003  0.896830  0.874075  0.909454  0.908978  0.879556  0.918511  0.918966  0.879817  0.876266  0.884535  0.868112  0.869040  0.922565  0.890143  0.885985  0.877825  0.884457  0.888169  0.886623  0.912888  0.881997  0.875546  0.876129  0.790638  0.869889  0.885110  0.890543  0.922914  0.787378  0.867899  0.863879
AJ010957.1_Hippopotamus_amphibius_complete_mitochondrial_DNA_sequence 0.818674  0.862203  0.766960  0.776292  0.812844  0.896316  0.770322  0.874543  0.858808  0.864589  0.797930  0.801026  0.856213  0.826034  0.870756  0.836929  0.827726  0.809302  0.766017  0.794169  0.862865  0.777559  0.878992  0.000000  0.772383  0.832093  0.861949  0.866721  0.817386  0.806208  0.840098  0.836116  0.833990  0.888582  0.906501  0.828810  0.829997  0.847242  0.830007  0.771896  0.888717  0.801245  0.836297  0.835111  0.766376  0.849650  0.851822  0.870655  0.822405  0.772334  0.795294  0.871006  0.847713  0.828167  0.850761  0.889588  0.850650  0.768329  0.876361
X79547.1_Equus_caballus_mitochondrial_DNA_complete_sequence 0.811654  0.857722  0.787774  0.543383  0.790266  0.902045  0.772677  0.884283  0.850136  0.874033  0.776146  0.770996  0.853995  0.815266  0.863778  0.821929  0.817794  0.784053  0.779523  0.771932  0.846440  0.711177  0.860873  0.772383  0.000000  0.814160  0.851109  0.854199  0.807559  0.773222  0.821156  0.819566  0.826692  0.883029  0.881987  0.816193  0.816302  0.833522  0.817670  0.760949  0.892996  0.792407  0.821544  0.826927  0.774211  0.843960  0.837125  0.872720  0.818556  0.796439  0.783848  0.853451  0.835861  0.803148  0.844442  0.881153  0.848714  0.713601  0.871439
AF348159.1_Cephalopachus_bancanus_mitochondrion,_complete_genome 0.828794  0.875530  0.837881  0.813143  0.850006  0.894651  0.821488  0.881542  0.871437  0.875208  0.821506  0.815451  0.849112  0.836506  0.858213  0.827577  0.826675  0.823481  0.829413  0.817989  0.853853  0.817264  0.878424  0.832093  0.814160  0.000000  0.847842  0.860038  0.838887  0.841169  0.851247  0.850298  0.841619  0.876541  0.875230  0.824068  0.823515  0.847768  0.823574  0.819051  0.877991  0.844303  0.816752  0.811598  0.825306  0.847120  0.824777  0.867607  0.837158  0.840874  0.830273  0.863418  0.844233  0.826564  0.852819  0.886391  0.853335  0.827313  0.858881
J01420.1_Mouse_mitochondrion,_complete_genome 0.845424  0.899873  0.860504  0.841150  0.869054  0.887766  0.844364  0.863418  0.895246  0.865272  0.848985  0.847430  0.876667  0.858318  0.865555  0.848946  0.836346  0.836972  0.862916  0.843382  0.850891  0.844019  0.892806  0.861949  0.851109  0.847842  0.000000  0.874536  0.848145  0.852384  0.852425  0.855684  0.852297  0.871564  0.882016  0.835347  0.835691  0.726824  0.847359  0.834262  0.887702  0.849332  0.843823  0.852638  0.834556  0.845267  0.857223  0.875482  0.836184  0.868052  0.848069  0.874713  0.866299  0.835972  0.782051  0.895928  0.879022  0.839181  0.885152
X93334.1_Homo_sapiens_mitochondrial_DNA,_complete_genome 0.868324  0.906732  0.872324  0.854501  0.871208  0.909349  0.854932  0.901493  0.709765  0.900725  0.869278  0.861601  0.890142  0.879586  0.902399  0.870961  0.867136  0.874014  0.856544  0.859562  0.889818  0.852826  0.784003  0.866721  0.854199  0.860038  0.874536  0.000000  0.881657  0.858563  0.897845  0.882485  0.860550  0.913103  0.913950  0.871668  0.871195  0.867706  0.855023  0.858277  0.915057  0.875245  0.868841  0.861858  0.868369  0.881887  0.868699  0.903996  0.877765  0.875379  0.863903  0.691605  0.854809  0.875409  0.872416  0.909858  0.615748  0.848486  0.844679
AF061340.1_Artibeus_jamaicensis_mitochondrial_DNA,_complete_genome 0.828118  0.870892  0.826218  0.808310  0.832706  0.895916  0.814929  0.878975  0.887783  0.879186  0.819791  0.808468  0.867180  0.852753  0.852170  0.845333  0.831390  0.799648  0.813073  0.815551  0.859631  0.805278  0.896830  0.817386  0.807559  0.838887  0.848145  0.881657  0.000000  0.794460  0.847468  0.810678  0.846820  0.884140  0.869025  0.838738  0.835724  0.845637  0.839836  0.799644  0.883606  0.819962  0.831957  0.839833  0.801202  0.855491  0.856504  0.883962  0.837636  0.824382  0.824174  0.890364  0.862456  0.818720  0.852624  0.885454  0.868462  0.797837  0.878517
AF321050.1_Pteropus_scapulatus_mitochondrial_DNA,_complete_genome 0.821085  0.868254  0.814731  0.770834  0.813903  0.894107  0.791165  0.863220  0.854683  0.858710  0.805354  0.802133  0.861495  0.828102  0.863677  0.841586  0.825842  0.790854  0.815308  0.790540  0.850919  0.778219  0.874075  0.806208  0.773222  0.841169  0.852384  0.858563  0.794460  0.000000  0.840564  0.813051  0.830147  0.880259  0.868642  0.824512  0.822078  0.837462  0.825271  0.786955  0.889718  0.813977  0.822328  0.834837  0.781971  0.842818  0.842471  0.872087  0.829705  0.813571  0.798599  0.860129  0.851906  0.813198  0.845152  0.873480  0.852857  0.778292  0.874893
AJ421454.1_Manis_tetradactyla_complete_mitochondrial_genome 0.856556  0.883301  0.841007  0.822429  0.847975  0.899472  0.831810  0.882652  0.893122  0.879634  0.832154  0.831585  0.868626  0.839346  0.865772  0.855401  0.847423  0.838727  0.844186  0.835429  0.845014  0.822994  0.909454  0.840098  0.821156  0.851247  0.852425  0.897845  0.847468  0.840564  0.000000  0.846014  0.849892  0.884939  0.894655  0.854635  0.847946  0.863329  0.859676  0.829255  0.897435  0.838253  0.843809  0.856046  0.821083  0.856405  0.862670  0.877765  0.856676  0.853279  0.831024  0.901217  0.870233  0.837333  0.869142  0.891659  0.882643  0.825681  0.882567
AF321051.1_Chalinolobus_tuberculatus_mitochondrial_DNA,_complete_genome 0.835432  0.885211  0.839140  0.818045  0.844383  0.902969  0.822690  0.890616  0.888781  0.888569  0.825990  0.812101  0.869290  0.856380  0.861047  0.843185  0.843057  0.823967  0.830236  0.817991  0.860486  0.802215  0.908978  0.836116  0.819566  0.850298  0.855684  0.882485  0.810678  0.813051  0.846014  0.000000  0.864988  0.874123  0.889388  0.845552  0.854141  0.850549  0.837606  0.820031  0.892311  0.836014  0.833562  0.846152  0.817929  0.859303  0.869555  0.890483  0.856903  0.848719  0.829489  0.893726  0.869597  0.831909  0.865491  0.894049  0.884681  0.806370  0.890338
Y11832.1_Dasypus_novemcinctus_complete_mitochondrial_genome 0.833407  0.864826  0.839382  0.818785  0.842707  0.891211  0.824432  0.864017  0.866677  0.878122  0.843453  0.831658  0.863952  0.840794  0.867769  0.834897  0.841575  0.829165  0.839029  0.823020  0.854519  0.826088  0.879556  0.833990  0.826692  0.841619  0.852297  0.860550  0.846820  0.830147  0.849892  0.864988  0.000000  0.875945  0.880993  0.839472  0.834868  0.850470  0.840759  0.812310  0.894087  0.845016  0.845431  0.839810  0.832973  0.844283  0.851423  0.876335  0.816361  0.854641  0.836005  0.880075  0.863586  0.838997  0.877050  0.884967  0.871204  0.828263  0.883648
Z29573.1_Didelphis_virginiana_complete_mitochondrial_genome 0.850792  0.900012  0.906908  0.869162  0.896959  0.892469  0.881364  0.794508  0.914151  0.794354  0.876061  0.860290  0.891542  0.887572  0.876318  0.877606  0.876433  0.886738  0.888826  0.871791  0.875508  0.873992  0.918511  0.888582  0.883029  0.876541  0.871564  0.913103  0.884140  0.880259  0.884939  0.874123  0.875945  0.000000  0.775764  0.884574  0.880673  0.867444  0.910529  0.881412  0.878043  0.890525  0.879582  0.875937  0.888969  0.876198  0.900684  0.893528  0.876394  0.909624  0.891316  0.927865  0.899073  0.873786  0.881823  0.902997  0.911307  0.882773  0.899574
AF358864.1_Isoodon_macrourus_mitochondrion,_complete_genome 0.871520  0.897582  0.895376  0.884214  0.900545  0.893080  0.874173  0.761774  0.910504  0.773574  0.874156  0.873708  0.888347  0.886399  0.880539  0.868403  0.881441  0.871133  0.882355  0.874099  0.884913  0.879036  0.918966  0.906501  0.881987  0.875230  0.882016  0.913950  0.869025  0.868642  0.894655  0.889388  0.880993  0.775764  0.000000  0.879893  0.881216  0.854177  0.861723  0.876044  0.862147  0.880346  0.870979  0.877380  0.873245  0.860179  0.895385  0.878770  0.874572  0.882783  0.874716  0.909721  0.913239  0.864950  0.869480  0.901451  0.894398  0.876609  0.901054
AF217811.1_Tupaia_belangeri_mitochondrion,_complete_sequence 0.831403  0.883466  0.844866  0.815388  0.849703  0.891984  0.832217  0.873391  0.880924  0.870233  0.830978  0.831366  0.852715  0.835182  0.867014  0.839190  0.815607  0.824608  0.837440  0.826282  0.853598  0.814556  0.879817  0.828810  0.816193  0.824068  0.835347  0.871668  0.838738  0.824512  0.854635  0.845552  0.839472  0.884574  0.879893  0.000000  0.229424  0.844313  0.821693  0.807910  0.879058  0.848442  0.827564  0.841430  0.826836  0.854017  0.843554  0.882175  0.831142  0.851619  0.842135  0.881165  0.860580  0.825668  0.844424  0.886500  0.867542  0.814351  0.875354
AJ421453.1_Tupaia_belangeri_complete_mitochondrial_genome 0.834931  0.888152  0.840879  0.815295  0.852398  0.895164  0.826792  0.877096  0.877521  0.871955  0.830405  0.832184  0.847782  0.837019  0.868687  0.838508  0.817854  0.818841  0.834526  0.826521  0.851353  0.813969  0.876266  0.829997  0.816302  0.823515  0.835691  0.871195  0.835724  0.822078  0.847946  0.854141  0.834868  0.880673  0.881216  0.229424  0.000000  0.839993  0.821217  0.807614  0.880882  0.838692  0.824774  0.837756  0.823939  0.844151  0.842605  0.879989  0.831157  0.851783  0.838342  0.884966  0.857069  0.825690  0.847739  0.890697  0.867415  0.817322  0.874547
AJ428514.1_Rattus_norvegicus_complete_mitochondrial_genome,_wild-caught_animal_(Copenhagen,_Denmark) 0.833564  0.881037  0.852554  0.824232  0.856316  0.888437  0.835435  0.860124  0.882678  0.862584  0.842365  0.841334  0.856133  0.847279  0.857626  0.840737  0.833666  0.832466  0.853105  0.836473  0.854318  0.842073  0.884535  0.847242  0.833522  0.847768  0.726824  0.867706  0.845637  0.837462  0.863329  0.850549  0.850470  0.867444  0.854177  0.844313  0.839993  0.000000  0.850498  0.824893  0.885160  0.853504  0.826189  0.837319  0.830912  0.839699  0.859448  0.865968  0.841366  0.852672  0.838378  0.865878  0.866303  0.838971  0.772596  0.899111  0.872891  0.834008  0.878499
AF348080.1_Ochotona_collaris_mitochondrion,_complete_genome 0.831740  0.882433  0.837001  0.818199  0.827354  0.901522  0.826717  0.870805  0.865590  0.880926  0.834576  0.821342  0.856511  0.842132  0.863935  0.829353  0.790266  0.831682  0.835887  0.820619  0.865660  0.819758  0.868112  0.830007  0.817670  0.823574  0.847359  0.855023  0.839836  0.825271  0.859676  0.837606  0.840759  0.910529  0.861723  0.821693  0.821217  0.850498  0.000000  0.819301  0.886327  0.842681  0.795264  0.828333  0.831552  0.847717  0.847171  0.872629  0.849045  0.842939  0.815078  0.868218  0.843173  0.831468  0.837781  0.887538  0.855665  0.819328  0.883307
AJ002189.1_Sus_scrofa_complete_mitochondrial_DNA 0.809124  0.860769  0.783754  0.764027  0.798027  0.887517  0.762297  0.857074  0.866152  0.857886  0.793694  0.774313  0.857209  0.817449  0.840987  0.823267  0.815550  0.787067  0.769232  0.777074  0.844358  0.764478  0.869040  0.771896  0.760949  0.819051  0.834262  0.858277  0.799644  0.786955  0.829255  0.820031  0.812310  0.881412  0.876044  0.807910  0.807614  0.824893  0.819301  0.000000  0.875119  0.787788  0.808848  0.819417  0.745292  0.830787  0.831477  0.851972  0.806382  0.782678  0.773866  0.860921  0.836387  0.794267  0.834293  0.852885  0.858509  0.755426  0.869856
X83427.1_Ornithorhynchus_anatinus_mitochondrial_DNA,_complete_genome 0.879820  0.922148  0.898723  0.890965  0.903817  0.747406  0.878610  0.874542  0.933006  0.874706  0.885654  0.889534  0.900307  0.899179  0.893797  0.878183  0.879280  0.887005  0.890516  0.881593  0.889077  0.881587  0.922565  0.888717  0.892996  0.877991  0.887702  0.915057  0.883606  0.889718  0.897435  0.892311  0.894087  0.878043  0.862147  0.879058  0.880882  0.885160  0.886327  0.875119  0.000000  0.892988  0.883011  0.891375  0.887540  0.884825  0.903491  0.900392  0.892935  0.905461  0.888754  0.920918  0.916906  0.877698  0.904494  0.907754  0.895481  0.895463  0.921891
AJ428577.1_Ursus_maritimus_complete_mitochondrial_genome 0.838467  0.874691  0.815700  0.788215  0.770196  0.903670  0.800870  0.892537  0.884387  0.878998  0.769387  0.764039  0.860367  0.829010  0.880938  0.851895  0.840328  0.802369  0.807843  0.737652  0.861616  0.787218  0.890143  0.801245  0.792407  0.844303  0.849332  0.875245  0.819962  0.813977  0.838253  0.836014  0.845016  0.890525  0.880346  0.848442  0.838692  0.853504  0.842681  0.787788  0.892988  0.000000  0.840287  0.836272  0.799236  0.860390  0.863335  0.873366  0.841091  0.818977  0.764068  0.894196  0.858465  0.825677  0.870553  0.903119  0.873432  0.800268  0.885843
AJ001588.1_Oryctolagus_cuniculus_complete_mitochondrial_genome 0.822861  0.877239  0.834411  0.819696  0.848947  0.891244  0.820294  0.873985  0.874809  0.871071  0.829869  0.819406  0.851718  0.827245  0.869771  0.819415  0.686091  0.827031  0.833493  0.819134  0.852171  0.813817  0.885985  0.836297  0.821544  0.816752  0.843823  0.868841  0.831957  0.822328  0.843809  0.833562  0.845431  0.879582  0.870979  0.827564  0.824774  0.826189  0.795264  0.808848  0.883011  0.840287  0.000000  0.823045  0.818720  0.844705  0.836042  0.869176  0.832030  0.843251  0.829976  0.862245  0.838732  0.828718  0.849109  0.878483  0.858021  0.816824  0.881649
AJ421451.1_Lemur_catta_mitochondrion_complete_mitochondrial_genome 0.827204  0.885235  0.847590  0.824368  0.842787  0.898478  0.821378  0.878341  0.863979  0.881042  0.835986  0.821667  0.842411  0.818234  0.859969  0.818812  0.813922  0.827334  0.839842  0.823419  0.856184  0.814099  0.877825  0.835111  0.826927  0.811598  0.852638  0.861858  0.839833  0.834837  0.856046  0.846152  0.839810  0.875937  0.877380  0.841430  0.837756  0.837319  0.828333  0.819417  0.891375  0.836272  0.823045  0.000000  0.835047  0.844646  0.825671  0.855818  0.840137  0.837393  0.831277  0.862068  0.839868  0.837017  0.852474  0.886647  0.859145  0.818875  0.857011
AF010406.1_Ovis_aries_complete_mitochondrial_genome 0.812642  0.863277  0.782992  0.768281  0.808249  0.888595  0.669921  0.871930  0.865946  0.856477  0.787838  0.790720  0.849608  0.822291  0.843447  0.827725  0.814471  0.786342  0.765634  0.780600  0.842262  0.768585  0.884457  0.766376  0.774211  0.825306  0.834556  0.868369  0.801202  0.781971  0.821083  0.817929  0.832973  0.888969  0.873245  0.826836  0.823939  0.830912  0.831552  0.745292  0.887540  0.799236  0.818720  0.835047  0.000000  0.833723  0.841752  0.857749  0.819498  0.783797  0.795465  0.866153  0.855009  0.807063  0.850011  0.879587  0.857504  0.775506  0.869809
AJ421452.1_Macroscelides_proboscideus_complete_mitochondrial_genome 0.821250  0.870272  0.850286  0.837152  0.850181  0.893064  0.834203  0.879233  0.894140  0.868944  0.847010  0.846606  0.870444  0.834191  0.864170  0.840371  0.842972  0.839301  0.848899  0.831849  0.855890  0.831084  0.888169  0.849650  0.843960  0.847120  0.845267  0.881887  0.855491  0.842818  0.856405  0.859303  0.844283  0.876198  0.860179  0.854017  0.844151  0.839699  0.847717  0.830787  0.884825  0.860390  0.844705  0.844646  0.833723  0.000000  0.856598  0.850547  0.836357  0.860330  0.847182  0.896445  0.869278  0.844871  0.852151  0.889353  0.881465  0.832196  0.902573
AJ309867.1_Nycticebus_coucang_mitochondrial_genome 0.850589  0.891509  0.855805  0.834061  0.856022  0.905919  0.838915  0.891888  0.868904  0.896793  0.843081  0.844531  0.866843  0.847047  0.876207  0.846925  0.832805  0.843354  0.845484  0.835725  0.861982  0.831698  0.886623  0.851822  0.837125  0.824777  0.857223  0.868699  0.856504  0.842471  0.862670  0.869555  0.851423  0.900684  0.895385  0.843554  0.842605  0.859448  0.847171  0.831477  0.903491  0.863335  0.836042  0.825671  0.841752  0.856598  0.000000  0.886779  0.852141  0.859412  0.847276  0.873295  0.852804  0.844849  0.857009  0.893296  0.868160  0.831571  0.882667
AJ400734.2_Echinops_telfairi_complete_mitochondrial_genome 0.832354  0.900681  0.877256  0.860700  0.886384  0.908230  0.857698  0.893878  0.910594  0.899486  0.868043  0.866220  0.879376  0.864583  0.876982  0.865933  0.861244  0.864371  0.867263  0.866607  0.881479  0.870134  0.912888  0.870655  0.872720  0.867607  0.875482  0.903996  0.883962  0.872087  0.877765  0.890483  0.876335  0.893528  0.878770  0.882175  0.879989  0.865968  0.872629  0.851972  0.900392  0.873366  0.869176  0.855818  0.857749  0.850547  0.886779  0.000000  0.880730  0.883748  0.882649  0.908393  0.888747  0.861653  0.880156  0.907500  0.905511  0.878691  0.901063
AJ421450.1_Tamandua_tetradactyla_complete_mitochondrial_genome 0.827325  0.879276  0.838543  0.816125  0.850282  0.890417  0.824743  0.869756  0.884477  0.877587  0.828168  0.828044  0.862780  0.846247  0.864857  0.841687  0.834020  0.818925  0.835419  0.823151  0.862389  0.823488  0.881997  0.822405  0.818556  0.837158  0.836184  0.877765  0.837636  0.829705  0.856676  0.856903  0.816361  0.876394  0.874572  0.831142  0.831157  0.841366  0.849045  0.806382  0.892935  0.841091  0.832030  0.840137  0.819498  0.836357  0.852141  0.880730  0.000000  0.839152  0.827352  0.884061  0.849341  0.832606  0.855773  0.891921  0.872044  0.821844  0.887970
AJ277029.2_Physeter_macrocephalus_mitochondrial_genome 0.841389  0.886497  0.803453  0.800146  0.820202  0.890232  0.784353  0.884762  0.875867  0.883307  0.828189  0.810359  0.862582  0.838581  0.876564  0.854559  0.843267  0.834701  0.703805  0.806763  0.867335  0.794702  0.875546  0.772334  0.796439  0.840874  0.868052  0.875379  0.824382  0.813571  0.853279  0.848719  0.854641  0.909624  0.882783  0.851619  0.851783  0.852672  0.842939  0.782678  0.905461  0.818977  0.843251  0.837393  0.783797  0.860330  0.859412  0.883748  0.839152  0.000000  0.815549  0.872990  0.857837  0.836191  0.864978  0.903782  0.864450  0.793466  0.892224
AJ428578.2_Eumetopias_jubatus_complete_mitochondrial_genome 0.817650  0.864994  0.802567  0.779037  0.692004  0.896035  0.791860  0.869679  0.869653  0.866864  0.764031  0.776288  0.866190  0.828911  0.857673  0.835942  0.826194  0.809054  0.812724  0.709308  0.858460  0.779946  0.876129  0.795294  0.783848  0.830273  0.848069  0.863903  0.824174  0.798599  0.831024  0.829489  0.836005  0.891316  0.874716  0.842135  0.838342  0.838378  0.815078  0.773866  0.888754  0.764068  0.829976  0.831277  0.795465  0.847182  0.847276  0.882649  0.827352  0.815549  0.000000  0.868781  0.849931  0.823390  0.859215  0.878959  0.862933  0.785126  0.875323
X97707.1_Pongo_abelii_mitochondrial_genome 0.874408  0.910943  0.881626  0.859109  0.888674  0.936836  0.860659  0.918956  0.727600  0.911794  0.882072  0.878734  0.902708  0.876790  0.924548  0.883853  0.868326  0.882902  0.866378  0.865361  0.891290  0.854362  0.790638  0.871006  0.853451  0.863418  0.874713  0.691605  0.890364  0.860129  0.901217  0.893726  0.880075  0.927865  0.909721  0.881165  0.884966  0.865878  0.868218  0.860921  0.920918  0.894196  0.862245  0.862068  0.866153  0.896445  0.873295  0.908393  0.884061  0.872990  0.868781  0.000000  0.862237  0.872954  0.875768  0.914444  0.692646  0.855039  0.850182
AJ428849.1_Cynocephalus_variegatus_complete_mitochondrial_genome 0.858999  0.896131  0.851022  0.830735  0.860379  0.914709  0.853088  0.899832  0.859915  0.892267  0.851536  0.845338  0.879561  0.847086  0.890708  0.861603  0.846400  0.845474  0.850129  0.851408  0.865775  0.820103  0.869889  0.847713  0.835861  0.844233  0.866299  0.854809  0.862456  0.851906  0.870233  0.869597  0.863586  0.899073  0.913239  0.860580  0.857069  0.866303  0.843173  0.836387  0.916906  0.858465  0.838732  0.839868  0.855009  0.869278  0.852804  0.888747  0.849341  0.857837  0.849931  0.862237  0.000000  0.857665  0.876055  0.889621  0.855452  0.832375  0.888288
AF348081.1_Soriculus_fumidus_mitochondrion,_complete_genome 0.833417  0.874373  0.827804  0.803872  0.828325  0.893606  0.805990  0.876735  0.878362  0.867733  0.806475  0.802571  0.854501  0.844253  0.841570  0.830692  0.827119  0.785335  0.823431  0.809189  0.852623  0.800973  0.885110  0.828167  0.803148  0.826564  0.835972  0.875409  0.818720  0.813198  0.837333  0.831909  0.838997  0.873786  0.864950  0.825668  0.825690  0.838971  0.831468  0.794267  0.877698  0.825677  0.828718  0.837017  0.807063  0.844871  0.844849  0.861653  0.832606  0.836191  0.823390  0.872954  0.857665  0.000000  0.846810  0.867124  0.858432  0.805735  0.879826
AF348082.1_Microtus_kikuchii_mitochondrion,_complete_genome 0.851592  0.896553  0.865378  0.840628  0.863262  0.892597  0.842908  0.864328  0.874744  0.870012  0.851446  0.849280  0.858989  0.855400  0.872632  0.844412  0.849998  0.841650  0.855882  0.840436  0.863122  0.842341  0.890543  0.850761  0.844442  0.852819  0.782051  0.872416  0.852624  0.845152  0.869142  0.865491  0.877050  0.881823  0.869480  0.844424  0.847739  0.772596  0.837781  0.834293  0.904494  0.870553  0.849109  0.852474  0.850011  0.852151  0.857009  0.880156  0.855773  0.864978  0.859215  0.875768  0.876055  0.846810  0.000000  0.908495  0.864982  0.845680  0.894759
X88898.2_Erinaceus_europaeus_complete_mitochondrial_DNA_sequence 0.879252  0.913290  0.889067  0.894782  0.897718  0.919954  0.856339  0.926244  0.916070  0.905987  0.899862  0.886496  0.896026  0.894904  0.869678  0.886478  0.873486  0.883465  0.872573  0.877994  0.894900  0.881667  0.922914  0.889588  0.881153  0.886391  0.895928  0.909858  0.885454  0.873480  0.891659  0.894049  0.884967  0.902997  0.901451  0.886500  0.890697  0.899111  0.887538  0.852885  0.907754  0.903119  0.878483  0.886647  0.879587  0.889353  0.893296  0.907500  0.891921  0.903782  0.878959  0.914444  0.889621  0.867124  0.908495  0.000000  0.892461  0.876672  0.911753
X93347.1_Gorilla_gorilla_gorilla_mitochondrial_DNA._complete_genome 0.864799  0.920316  0.866053  0.847478  0.888657  0.907907  0.849015  0.894793  0.709039  0.891356  0.872840  0.864173  0.876383  0.877675  0.913608  0.856695  0.860093  0.861960  0.872095  0.849106  0.884281  0.840890  0.787378  0.850650  0.848714  0.853335  0.879022  0.615748  0.868462  0.852857  0.882643  0.884681  0.871204  0.911307  0.894398  0.867542  0.867415  0.872891  0.855665  0.858509  0.895481  0.873432  0.858021  0.859145  0.857504  0.881465  0.868160  0.905511  0.872044  0.864450  0.862933  0.692646  0.855452  0.858432  0.864982  0.892461  0.000000  0.840523  0.857439
Y07726.1_Ceratotherium_simum_complete_mitochondrial_DNA_sequence 0.811271  0.852249  0.791324  0.708288  0.787123  0.893393  0.772033  0.869678  0.852906  0.860263  0.781410  0.766441  0.851809  0.815474  0.854372  0.826874  0.816866  0.788042  0.780874  0.768157  0.848487  0.631353  0.867899  0.768329  0.713601  0.827313  0.839181  0.848486  0.797837  0.778292  0.825681  0.806370  0.828263  0.882773  0.876609  0.814351  0.817322  0.834008  0.819328  0.755426  0.895463  0.800268  0.816824  0.818875  0.775506  0.832196  0.831571  0.878691  0.821844  0.793466  0.785126  0.855039  0.832375  0.805735  0.845680  0.876672  0.840523  0.000000  0.863836
AJ309866.1_Cebus_albifrons_mitochondrial_genome 0.870339  0.899192  0.887985  0.867586  0.899450  0.916707  0.862296  0.898131  0.852472  0.902979  0.882277  0.868226  0.895929  0.886042  0.901981  0.880477  0.876548  0.885077  0.882804  0.866168  0.899683  0.863445  0.863879  0.876361  0.871439  0.858881  0.885152  0.844679  0.878517  0.874893  0.882567  0.890338  0.883648  0.899574  0.901054  0.875354  0.874547  0.878499  0.883307  0.869856  0.921891  0.885843  0.881649  0.857011  0.869809  0.902573  0.882667  0.901063  0.887970  0.892224  0.875323  0.850182  0.888288  0.879826  0.894759  0.911753  0.857439  0.863836  0.000000
