59
Y18475.1_Orycteropus_afer_complete_mitochondrial_genome 0.000000 0.949692 0.944173 0.942942 0.946349 0.952097 0.947200 0.950252 0.946775 0.942138 0.942942 0.944806 0.951085 0.948052 0.945342 0.945497 0.949948 0.954652 0.943794 0.945497 0.947839 0.941878 0.954013 0.945284 0.951671 0.944608 0.949755 0.951966 0.952736 0.943985 0.947212 0.939009 0.940806 0.947069 0.954295 0.947714 0.948517 0.945923 0.949696 0.939110 0.942964 0.946562 0.947313 0.938188 0.940600 0.935704 0.945567 0.948052 0.941665 0.948265 0.945497 0.957633 0.947959 0.950731 0.945710 0.950617 0.956781 0.941051 0.947200
AJ224821.1_Loxodonta_africana_complete_mitochondrial_genomic_sequence 0.949692 0.000000 0.950117 0.949055 0.946084 0.960518 0.951603 0.953820 0.955848 0.948428 0.954362 0.948164 0.951178 0.948843 0.948419 0.947782 0.948494 0.956485 0.952027 0.947357 0.954787 0.949904 0.963065 0.945871 0.954574 0.950505 0.955848 0.948843 0.946933 0.945470 0.947782 0.944091 0.949832 0.956137 0.953449 0.951101 0.951483 0.952027 0.950325 0.941838 0.958368 0.949055 0.950868 0.949196 0.945447 0.947570 0.951178 0.950966 0.947145 0.958183 0.945871 0.965825 0.955363 0.948643 0.950754 0.957522 0.960093 0.940777 0.949904
Y19184.1_Lama_pacos_complete_mitochondrial_genome 0.944173 0.950117 0.000000 0.944173 0.947994 0.959244 0.947570 0.957809 0.952452 0.950314 0.946296 0.945435 0.950541 0.950329 0.954150 0.945871 0.950571 0.942900 0.944810 0.945022 0.957971 0.941626 0.958820 0.935470 0.943112 0.945451 0.949268 0.949268 0.946508 0.938044 0.946933 0.948327 0.955080 0.962041 0.960432 0.950042 0.951695 0.952452 0.949696 0.938017 0.960033 0.948419 0.954422 0.946867 0.942263 0.950329 0.949904 0.956060 0.951603 0.941626 0.945447 0.956909 0.955574 0.951775 0.949480 0.959824 0.962216 0.944173 0.953301
X97337.1_Equus_asinus_complete_mitochondrial_genome 0.942942 0.949055 0.944173 0.000000 0.938182 0.952513 0.943316 0.945844 0.946188 0.940042 0.944480 0.938300 0.950447 0.946547 0.952999 0.941604 0.943510 0.944385 0.941390 0.933974 0.946738 0.920324 0.946470 0.939465 0.847059 0.939343 0.944599 0.947078 0.944847 0.930405 0.947850 0.943456 0.945424 0.954660 0.949429 0.946020 0.939831 0.933262 0.943408 0.932193 0.951291 0.940175 0.944386 0.945385 0.937968 0.937754 0.945992 0.948663 0.940749 0.943102 0.942460 0.955722 0.944362 0.947599 0.939251 0.959615 0.946096 0.921047 0.947065
AJ428576.2_Odobenus_rosmarus_rosmarus_complete_mitochondrial_genome 0.946349 0.946084 0.947994 0.938182 0.000000 0.957620 0.950557 0.953401 0.955157 0.948637 0.945548 0.942497 0.951085 0.947402 0.957465 0.941567 0.949948 0.950128 0.946704 0.923077 0.950771 0.943971 0.957774 0.943707 0.944135 0.947557 0.950342 0.949628 0.945698 0.935710 0.948702 0.947480 0.950042 0.961830 0.961066 0.944539 0.943432 0.946918 0.957661 0.934959 0.949417 0.939110 0.952540 0.950466 0.948202 0.946276 0.948543 0.950985 0.942423 0.943921 0.923159 0.961473 0.951978 0.951357 0.953339 0.959406 0.954623 0.939136 0.954536
AJ303116.1_Tachyglossus_aculeatus_complete_mitochondrial_genome 0.952097 0.960518 0.959244 0.952513 0.957620 0.000000 0.955112 0.956549 0.956865 0.951153 0.958574 0.958237 0.954275 0.955099 0.960655 0.954126 0.957425 0.961045 0.957689 0.959829 0.956298 0.951214 0.959053 0.951554 0.960490 0.949663 0.953393 0.956004 0.959966 0.954381 0.953384 0.952351 0.955080 0.962463 0.959585 0.960415 0.954873 0.954467 0.959128 0.957424 0.934221 0.957420 0.959231 0.955123 0.947696 0.950172 0.955560 0.958119 0.946521 0.960481 0.953932 0.962414 0.957690 0.956785 0.952320 0.965892 0.967569 0.956799 0.956884
V00654.1_Bos_taurus_complete_mitochondrial_genome 0.947200 0.951603 0.947570 0.943316 0.950557 0.955112 0.000000 0.952561 0.960922 0.952201 0.950886 0.937251 0.954487 0.954030 0.948958 0.940622 0.952025 0.945420 0.941037 0.938675 0.952871 0.944184 0.957774 0.945766 0.942882 0.946925 0.956106 0.953241 0.943143 0.942075 0.954662 0.944515 0.944374 0.960354 0.960220 0.950042 0.948941 0.950904 0.954726 0.936885 0.955870 0.956568 0.950031 0.946655 0.904394 0.951235 0.951308 0.958585 0.944420 0.941633 0.944933 0.956765 0.960228 0.948225 0.947948 0.962335 0.958612 0.936795 0.949626
AF357238.1_Trichosurus_vulpecula_mitochondrion,_complete_genome 0.950252 0.953820 0.957809 0.945844 0.953401 0.956549 0.952561 0.000000 0.951931 0.927883 0.950882 0.943966 0.954030 0.956969 0.955709 0.951092 0.947040 0.956339 0.951301 0.950042 0.950462 0.951721 0.958648 0.952561 0.954450 0.943325 0.948573 0.948153 0.950252 0.945844 0.953820 0.944374 0.951092 0.936188 0.929681 0.952141 0.951721 0.946054 0.952630 0.948363 0.957535 0.952981 0.952540 0.943115 0.952561 0.947943 0.950042 0.959698 0.950462 0.957809 0.951301 0.961797 0.954030 0.944468 0.943115 0.958150 0.959488 0.949622 0.950252
X99256.1_Hylobates_lar_complete_mitochondrial_DNA_sequence 0.946775 0.955848 0.952452 0.946188 0.955157 0.956865 0.960922 0.951931 0.000000 0.949686 0.953449 0.956139 0.957252 0.953022 0.961718 0.952381 0.958255 0.953235 0.951527 0.951100 0.960495 0.951640 0.941992 0.947256 0.942985 0.950716 0.958360 0.916259 0.952087 0.940378 0.957429 0.951292 0.955709 0.964783 0.959374 0.951948 0.949576 0.950032 0.952630 0.943626 0.957327 0.959762 0.957767 0.950254 0.946615 0.954516 0.956198 0.962844 0.950246 0.952594 0.952594 0.925048 0.944362 0.960752 0.951100 0.959824 0.921204 0.946584 0.947492
Y10524.1_Macropus_robustus_complete_mitochondrial_genome 0.942138 0.948428 0.950314 0.940042 0.948637 0.951153 0.952201 0.927883 0.949686 0.000000 0.950105 0.945493 0.947799 0.952411 0.958281 0.944654 0.950363 0.946122 0.951153 0.944235 0.953040 0.945702 0.957023 0.946331 0.948218 0.944654 0.945493 0.953459 0.950524 0.945702 0.948637 0.944235 0.944444 0.936897 0.929769 0.945912 0.946751 0.950314 0.948858 0.944025 0.949625 0.953040 0.953586 0.946122 0.946751 0.945073 0.948637 0.960797 0.949057 0.954088 0.946331 0.952201 0.952411 0.949478 0.945912 0.956267 0.953459 0.945493 0.947170
U96639.2_Canis_familiaris_mitochondrion,_complete_genome 0.942942 0.954362 0.946296 0.944480 0.945548 0.958574 0.950886 0.950882 0.953449 0.950105 0.000000 0.933893 0.951935 0.953876 0.947256 0.946829 0.945587 0.946615 0.953662 0.931668 0.949391 0.943119 0.961612 0.944907 0.942772 0.938079 0.951740 0.949841 0.948254 0.945894 0.949553 0.938585 0.958018 0.959722 0.957258 0.947925 0.948305 0.951100 0.947600 0.936366 0.953580 0.940600 0.950240 0.951524 0.946188 0.951954 0.953859 0.950673 0.945121 0.953449 0.943199 0.953876 0.946689 0.949061 0.948964 0.962126 0.958787 0.938710 0.951761
U20753.1_Felis_catus_mitochondrion,_complete_genome 0.944806 0.948164 0.945435 0.938300 0.942497 0.958237 0.937251 0.943966 0.956139 0.945493 0.933893 0.000000 0.951941 0.950052 0.951102 0.943337 0.942264 0.947114 0.946485 0.931165 0.947114 0.937461 0.953410 0.939769 0.941868 0.936411 0.950682 0.949003 0.939769 0.945645 0.949633 0.937251 0.949003 0.956348 0.952361 0.945226 0.943966 0.947744 0.944246 0.933893 0.954829 0.942078 0.944805 0.946695 0.939140 0.941868 0.952151 0.952151 0.944176 0.947954 0.939349 0.960546 0.951731 0.940501 0.946065 0.953547 0.957188 0.932004 0.951941
AJ222767.1_Cavia_porcellus_complete_mitochondrial_genome 0.951085 0.951178 0.950541 0.950447 0.951085 0.954275 0.954487 0.954030 0.957252 0.947799 0.951935 0.951941 0.000000 0.957890 0.955551 0.949171 0.952025 0.950447 0.950659 0.950234 0.950021 0.947682 0.964696 0.957678 0.955125 0.951769 0.952573 0.958555 0.952361 0.948653 0.953424 0.947903 0.953610 0.956980 0.959585 0.954699 0.950424 0.946618 0.957032 0.949809 0.954205 0.952786 0.956722 0.947925 0.948745 0.948745 0.954072 0.953849 0.956827 0.959804 0.953211 0.958528 0.951978 0.951357 0.953637 0.960033 0.960017 0.948533 0.956189
AJ421723.1_Dugong_dugon_complete_mitochondrial_genome 0.948052 0.948843 0.950329 0.946547 0.947402 0.955099 0.954030 0.956969 0.953022 0.952411 0.953876 0.950052 0.957890 0.000000 0.955551 0.950396 0.950779 0.953389 0.951892 0.947009 0.953175 0.950788 0.959480 0.950609 0.954672 0.947557 0.954244 0.954942 0.955068 0.945894 0.957216 0.944939 0.949412 0.965205 0.962124 0.953641 0.950424 0.956168 0.948648 0.948471 0.955870 0.950820 0.952749 0.945385 0.950609 0.942698 0.950032 0.955099 0.954672 0.951037 0.948257 0.952747 0.945843 0.954280 0.954672 0.961498 0.961514 0.945095 0.956457
AF348079.1_Echinosorex_gymnura_mitochondrion,_complete_genome 0.945342 0.948419 0.954150 0.952999 0.957465 0.960655 0.948958 0.955709 0.961718 0.958281 0.947256 0.951102 0.955551 0.955551 0.000000 0.948533 0.950156 0.952786 0.952361 0.956189 0.948958 0.944492 0.962782 0.954275 0.957890 0.942291 0.951297 0.960043 0.942578 0.944833 0.947469 0.939856 0.950672 0.952763 0.951121 0.951736 0.952331 0.951723 0.950954 0.945768 0.946087 0.959379 0.950450 0.945597 0.948107 0.948320 0.958750 0.947469 0.953849 0.963207 0.952573 0.964271 0.958959 0.942171 0.956827 0.948525 0.957252 0.946193 0.955125
AJ238588.1_Sciurus_vulgaris_complete_mitochondrial_genome 0.945497 0.947782 0.945871 0.941604 0.941567 0.954126 0.940622 0.951092 0.952381 0.944654 0.946829 0.943337 0.949171 0.950396 0.948533 0.000000 0.942056 0.949272 0.942337 0.944017 0.948372 0.946954 0.955641 0.941908 0.942337 0.936816 0.943623 0.942827 0.943995 0.942712 0.948702 0.936044 0.947943 0.948545 0.944350 0.946655 0.945127 0.936763 0.946971 0.945657 0.948793 0.949968 0.942296 0.947079 0.941908 0.938907 0.943440 0.952197 0.938264 0.948982 0.945790 0.957556 0.951766 0.937996 0.944909 0.953547 0.953698 0.938498 0.943650
AJ421471.1_Lepus_europaeus_complete_mitochondrial_genome 0.949948 0.948494 0.950571 0.943510 0.949948 0.957425 0.952025 0.947040 0.958255 0.950363 0.945587 0.942264 0.952025 0.950779 0.950156 0.942056 0.000000 0.953271 0.949948 0.944341 0.943302 0.943094 0.958255 0.941641 0.948494 0.939564 0.948702 0.954725 0.947248 0.942264 0.943094 0.943718 0.953063 0.958048 0.953686 0.946210 0.946833 0.945379 0.942056 0.941018 0.954309 0.950156 0.904881 0.940810 0.940395 0.950156 0.947664 0.950363 0.943510 0.955140 0.949533 0.950779 0.949948 0.943302 0.948910 0.952648 0.955971 0.942887 0.950779
Y19192.1_Talpa_europaea_complete_mitochondrial_genome 0.954652 0.956485 0.942900 0.944385 0.950128 0.961045 0.945420 0.956339 0.953235 0.946122 0.946615 0.947114 0.950447 0.953389 0.952786 0.949272 0.953271 0.000000 0.952269 0.946368 0.955479 0.937793 0.958627 0.954837 0.945848 0.947978 0.944349 0.957492 0.946550 0.942924 0.955939 0.946421 0.948153 0.958035 0.956835 0.947502 0.947246 0.948630 0.954098 0.942020 0.957119 0.949329 0.954631 0.945174 0.945420 0.946704 0.953434 0.959760 0.944991 0.954837 0.948202 0.962543 0.952401 0.945094 0.946062 0.967357 0.959332 0.941264 0.957951
X61145.1_Balaenoptera_physalus_mitochondrial_complete_genome 0.943794 0.952027 0.944810 0.941390 0.946704 0.957689 0.941037 0.951301 0.951527 0.951153 0.953662 0.946485 0.950659 0.951892 0.952361 0.942337 0.949948 0.952269 0.000000 0.940812 0.950514 0.936302 0.956494 0.939335 0.945244 0.943555 0.952484 0.948778 0.949106 0.941226 0.954449 0.944727 0.951511 0.957191 0.957469 0.951948 0.952966 0.953919 0.950954 0.932820 0.950042 0.945710 0.955676 0.948772 0.934620 0.945220 0.951095 0.950820 0.944276 0.922679 0.946218 0.957195 0.951343 0.945511 0.945140 0.963800 0.955809 0.934667 0.954749
X72004.1_Halichoerus_grypus_complete_mitochondrial_genome 0.945497 0.947357 0.945022 0.933974 0.923077 0.959829 0.938675 0.950042 0.951100 0.944235 0.931668 0.931165 0.950234 0.947009 0.956189 0.944017 0.944341 0.946368 0.940812 0.000000 0.952778 0.932041 0.954575 0.944231 0.938889 0.941870 0.948932 0.950478 0.947615 0.937619 0.946786 0.942186 0.946264 0.960565 0.961278 0.948349 0.949788 0.947222 0.946971 0.935470 0.955870 0.940175 0.954004 0.949407 0.944444 0.945299 0.948331 0.954274 0.941239 0.950641 0.924786 0.952991 0.947324 0.947182 0.948932 0.956685 0.955769 0.934667 0.954536
AJ301644.1_Thryonomys_swinderianus_complete_mitochondrial_genome 0.947839 0.954787 0.957971 0.946738 0.950771 0.956298 0.952871 0.950462 0.960495 0.953040 0.949391 0.947114 0.950021 0.953175 0.948958 0.948372 0.943302 0.955479 0.950514 0.952778 0.000000 0.950788 0.959053 0.950728 0.955013 0.950505 0.938946 0.963231 0.948041 0.950774 0.951043 0.944515 0.950042 0.954450 0.950487 0.956816 0.955085 0.945159 0.957661 0.949936 0.956078 0.961252 0.945014 0.948349 0.946444 0.946444 0.948118 0.953085 0.943231 0.956298 0.946872 0.961440 0.954728 0.949896 0.953513 0.958150 0.967009 0.947223 0.951974
X97336.1_Rhinoceros_unicornis_complete_mitochondrial_genome 0.941878 0.949904 0.941626 0.920324 0.943971 0.951214 0.944184 0.951721 0.951640 0.945702 0.943119 0.937461 0.947682 0.950788 0.944492 0.946954 0.943094 0.937793 0.936302 0.932041 0.950788 0.000000 0.953132 0.939284 0.921176 0.939132 0.945249 0.945802 0.941865 0.935922 0.944232 0.934562 0.942275 0.956980 0.955565 0.940728 0.944068 0.948232 0.938797 0.932893 0.952748 0.945710 0.946059 0.948772 0.935450 0.942054 0.943866 0.950575 0.937154 0.935023 0.933745 0.949510 0.945208 0.943006 0.941415 0.956895 0.948232 0.875931 0.946741
Y18001.1_Papio_hamadryas_mitochondrial_DNA,_complete_genome 0.954013 0.963065 0.958820 0.946470 0.957774 0.959053 0.957774 0.958648 0.941992 0.957023 0.961612 0.953410 0.964696 0.959480 0.962782 0.955641 0.958255 0.958627 0.956494 0.954575 0.959053 0.953132 0.000000 0.949243 0.950096 0.957245 0.961612 0.937726 0.959540 0.953321 0.965092 0.956163 0.955080 0.963728 0.965298 0.959356 0.959322 0.961399 0.948229 0.955428 0.956911 0.959549 0.954213 0.964014 0.957774 0.955854 0.955773 0.960119 0.953721 0.957560 0.956707 0.941779 0.951978 0.959290 0.952229 0.965474 0.944125 0.948287 0.957134
AJ010957.1_Hippopotamus_amphibius_complete_mitochondrial_DNA_sequence 0.945284 0.945871 0.935470 0.939465 0.943707 0.951554 0.945766 0.952561 0.947256 0.946331 0.944907 0.939769 0.957678 0.950609 0.954275 0.941908 0.941641 0.954837 0.939335 0.944231 0.950728 0.939284 0.949243 0.000000 0.932905 0.950505 0.948124 0.947928 0.945911 0.945046 0.950192 0.943244 0.945634 0.957402 0.959374 0.946444 0.949364 0.944909 0.943827 0.928113 0.952748 0.942942 0.946895 0.947714 0.934834 0.944266 0.946205 0.956913 0.945123 0.939121 0.939790 0.957128 0.947324 0.947599 0.947267 0.958987 0.953698 0.928070 0.950694
X79547.1_Equus_caballus_mitochondrial_DNA_complete_sequence 0.951671 0.954574 0.943112 0.847059 0.944135 0.960490 0.942882 0.954450 0.942985 0.948218 0.942772 0.941868 0.955125 0.954672 0.957890 0.942337 0.948494 0.945848 0.945244 0.938889 0.955013 0.921176 0.950096 0.932905 0.000000 0.946293 0.950612 0.943889 0.945911 0.931042 0.948914 0.952562 0.950042 0.963307 0.960855 0.945385 0.947034 0.945458 0.949696 0.932606 0.958576 0.953374 0.945850 0.951524 0.941050 0.945458 0.953647 0.960704 0.939875 0.947820 0.947075 0.958557 0.951766 0.949478 0.943955 0.951454 0.948035 0.920196 0.948132
AF348159.1_Cephalopachus_bancanus_mitochondrion,_complete_genome 0.944608 0.950505 0.945451 0.939343 0.947557 0.949663 0.946925 0.943325 0.950716 0.944654 0.938079 0.936411 0.951769 0.947557 0.942291 0.936816 0.939564 0.947978 0.943555 0.941870 0.950505 0.939132 0.957245 0.950505 0.946293 0.000000 0.945029 0.942291 0.946714 0.939553 0.947767 0.934078 0.944165 0.958298 0.949242 0.938922 0.941238 0.938711 0.940054 0.936394 0.948793 0.944819 0.936232 0.939975 0.940396 0.940817 0.941870 0.949242 0.935552 0.947978 0.940185 0.961668 0.941238 0.940501 0.951559 0.957104 0.949242 0.941238 0.947767
J01420.1_Mouse_mitochondrion,_complete_genome 0.949755 0.955848 0.949268 0.944599 0.950342 0.953393 0.956106 0.948573 0.958360 0.945493 0.951740 0.950682 0.952573 0.954244 0.951297 0.943623 0.948702 0.944349 0.952484 0.948932 0.938946 0.945249 0.961612 0.948124 0.950612 0.945029 0.000000 0.950903 0.942291 0.945258 0.953810 0.943456 0.949622 0.953184 0.952179 0.943903 0.944492 0.926572 0.953888 0.945443 0.953164 0.950181 0.954840 0.947290 0.947481 0.948013 0.954497 0.954702 0.941609 0.950894 0.949218 0.961712 0.953036 0.948017 0.939525 0.962335 0.957965 0.945308 0.953255
X93334.1_Homo_sapiens_mitochondrial_DNA,_complete_genome 0.951966 0.948843 0.949268 0.947078 0.949628 0.956004 0.953241 0.948153 0.916259 0.953459 0.949841 0.949003 0.958555 0.954942 0.960043 0.942827 0.954725 0.957492 0.948778 0.950478 0.963231 0.945802 0.937726 0.947928 0.943889 0.942291 0.950903 0.000000 0.948990 0.944621 0.957917 0.946421 0.953191 0.955926 0.957046 0.952159 0.953390 0.943889 0.944875 0.943677 0.951707 0.958767 0.953377 0.947079 0.946440 0.947928 0.950478 0.959830 0.948565 0.950266 0.955154 0.914559 0.948170 0.952401 0.954729 0.960452 0.881828 0.947715 0.941552
AF061340.1_Artibeus_jamaicensis_mitochondrial_DNA,_complete_genome 0.952736 0.946933 0.946508 0.944847 0.945698 0.959966 0.943143 0.950252 0.952087 0.950524 0.948254 0.939769 0.952361 0.955068 0.942578 0.943995 0.947248 0.946550 0.949106 0.947615 0.948041 0.941865 0.959540 0.945911 0.945911 0.946714 0.942291 0.948990 0.000000 0.936771 0.955726 0.935197 0.954030 0.951708 0.950275 0.950042 0.952119 0.948680 0.949906 0.936968 0.946503 0.949116 0.951286 0.945809 0.941227 0.951874 0.953434 0.958688 0.941014 0.947615 0.948893 0.956772 0.946689 0.940501 0.952300 0.950827 0.954642 0.944031 0.949319
AF321050.1_Pteropus_scapulatus_mitochondrial_DNA,_complete_genome 0.943985 0.945470 0.938044 0.930405 0.935710 0.954381 0.942075 0.945844 0.940378 0.945702 0.945894 0.945645 0.948653 0.945894 0.944833 0.942712 0.942264 0.942924 0.941226 0.937619 0.950774 0.935922 0.953321 0.945046 0.931042 0.939553 0.945258 0.944621 0.936771 0.000000 0.945894 0.935832 0.950672 0.950654 0.949852 0.940305 0.940466 0.943560 0.944037 0.929981 0.948168 0.945258 0.942714 0.940728 0.932315 0.937407 0.942924 0.949714 0.938044 0.949714 0.945682 0.954806 0.945631 0.939875 0.936134 0.958359 0.953957 0.929344 0.948440
AJ421454.1_Manis_tetradactyla_complete_mitochondrial_genome 0.947212 0.947782 0.946933 0.947850 0.948702 0.953384 0.954662 0.953820 0.957429 0.948637 0.949553 0.949633 0.953424 0.957216 0.947469 0.948702 0.943094 0.955939 0.954449 0.946786 0.951043 0.944232 0.965092 0.950192 0.948914 0.947767 0.953810 0.957917 0.955726 0.945894 0.000000 0.944303 0.950252 0.959089 0.955777 0.956816 0.955932 0.949553 0.948229 0.950404 0.956703 0.951682 0.949822 0.945809 0.947212 0.944870 0.948969 0.949340 0.942742 0.950192 0.948914 0.965943 0.953882 0.948017 0.951043 0.957732 0.958067 0.948712 0.950830
AF321051.1_Chalinolobus_tuberculatus_mitochondrial_DNA,_complete_genome 0.939009 0.944091 0.948327 0.943456 0.947480 0.952351 0.944515 0.944374 0.951292 0.944235 0.938585 0.937251 0.947903 0.944939 0.939856 0.936044 0.943718 0.946421 0.944727 0.942186 0.944515 0.934562 0.956163 0.943244 0.952562 0.934078 0.943456 0.946421 0.935197 0.935832 0.944303 0.000000 0.947313 0.950021 0.943081 0.943692 0.943880 0.943244 0.946133 0.933503 0.949625 0.944091 0.944177 0.944115 0.937103 0.943456 0.949386 0.946845 0.943880 0.953198 0.941762 0.957857 0.946478 0.940710 0.944515 0.948943 0.954257 0.934985 0.952562
Y11832.1_Dasypus_novemcinctus_complete_mitochondrial_genome 0.940806 0.949832 0.955080 0.945424 0.950042 0.955080 0.944374 0.951092 0.955709 0.944444 0.958018 0.949003 0.953610 0.949412 0.950672 0.947943 0.953063 0.948153 0.951511 0.946264 0.950042 0.942275 0.955080 0.945634 0.950042 0.944165 0.949622 0.953191 0.954030 0.950672 0.950252 0.947313 0.000000 0.952141 0.953820 0.947103 0.945634 0.943535 0.948858 0.936818 0.952331 0.948992 0.947732 0.946054 0.944584 0.947103 0.950252 0.956759 0.941856 0.954030 0.946474 0.954450 0.946893 0.945929 0.946054 0.955221 0.957599 0.943745 0.953610
Z29573.1_Didelphis_virginiana_complete_mitochondrial_genome 0.947069 0.956137 0.962041 0.954660 0.961830 0.962463 0.960354 0.936188 0.964783 0.936897 0.959722 0.956348 0.956980 0.965205 0.952763 0.948545 0.958048 0.958035 0.957191 0.960565 0.954450 0.956980 0.963728 0.957402 0.963307 0.958298 0.953184 0.955926 0.951708 0.950654 0.959089 0.950021 0.952141 0.000000 0.938212 0.955715 0.954450 0.946225 0.966045 0.956769 0.955454 0.963096 0.959022 0.954450 0.960987 0.955082 0.963096 0.956348 0.952341 0.964572 0.959933 0.965205 0.963307 0.956994 0.954871 0.962335 0.961620 0.957613 0.951497
AF358864.1_Isoodon_macrourus_mitochondrion,_complete_genome 0.954295 0.953449 0.960432 0.949429 0.961066 0.959585 0.960220 0.929681 0.959374 0.929769 0.957258 0.952361 0.959585 0.962124 0.951121 0.944350 0.953686 0.956835 0.957469 0.961278 0.950487 0.955565 0.965298 0.959374 0.960855 0.949242 0.952179 0.957046 0.950275 0.949852 0.955777 0.943081 0.953820 0.938212 0.000000 0.962124 0.963394 0.951333 0.961434 0.951333 0.950874 0.956200 0.956722 0.948582 0.950275 0.950063 0.959162 0.960432 0.949640 0.962336 0.956411 0.966356 0.959594 0.946764 0.955353 0.958150 0.966145 0.953661 0.956411
AF217811.1_Tupaia_belangeri_mitochondrion,_complete_sequence 0.947714 0.951101 0.950042 0.946020 0.944539 0.960415 0.950042 0.952141 0.951948 0.945912 0.947925 0.945226 0.954699 0.953641 0.951736 0.946655 0.946210 0.947502 0.951948 0.948349 0.956816 0.940728 0.959356 0.946444 0.945385 0.938922 0.943903 0.952159 0.950042 0.940305 0.956816 0.943692 0.947103 0.955715 0.962124 0.000000 0.480313 0.947290 0.950954 0.943268 0.950250 0.951312 0.950450 0.942210 0.943692 0.946867 0.953218 0.955758 0.942845 0.950042 0.949196 0.956393 0.951766 0.947599 0.948349 0.961080 0.955758 0.944539 0.946655
AJ421453.1_Tupaia_belangeri_complete_mitochondrial_genome 0.948517 0.951483 0.951695 0.939831 0.943432 0.954873 0.948941 0.951721 0.949576 0.946751 0.948305 0.943966 0.950424 0.950424 0.952331 0.945127 0.946833 0.947246 0.952966 0.949788 0.955085 0.944068 0.959322 0.949364 0.947034 0.941238 0.944492 0.953390 0.952119 0.940466 0.955932 0.943880 0.945634 0.954450 0.963394 0.480313 0.000000 0.946610 0.948019 0.940254 0.947960 0.950212 0.947104 0.940728 0.944492 0.944492 0.951483 0.952331 0.941525 0.950636 0.948517 0.955508 0.947959 0.950313 0.948093 0.967148 0.952119 0.943008 0.945975
AJ428514.1_Rattus_norvegicus_complete_mitochondrial_genome,_wild-caught_animal_(Copenhagen,_Denmark) 0.945923 0.952027 0.952452 0.933262 0.946918 0.954467 0.950904 0.946054 0.950032 0.950314 0.951100 0.947744 0.946618 0.956168 0.951723 0.936763 0.945379 0.948630 0.953919 0.947222 0.945159 0.948232 0.961399 0.944909 0.945458 0.938711 0.926572 0.943889 0.948680 0.943560 0.949553 0.943244 0.943535 0.946225 0.951333 0.947290 0.946610 0.000000 0.951582 0.933248 0.948376 0.954439 0.955258 0.935859 0.938907 0.941783 0.948756 0.953704 0.942291 0.950689 0.942790 0.953969 0.951343 0.945929 0.931094 0.963591 0.954996 0.938072 0.946211
AF348080.1_Ochotona_collaris_mitochondrion,_complete_genome 0.949696 0.950325 0.949696 0.943408 0.957661 0.959128 0.954726 0.952630 0.952630 0.948858 0.947600 0.944246 0.957032 0.948648 0.950954 0.946971 0.942056 0.954098 0.950954 0.946971 0.957661 0.938797 0.948229 0.943827 0.949696 0.940054 0.953888 0.944875 0.949906 0.944037 0.948229 0.946133 0.948858 0.966045 0.961434 0.950954 0.948019 0.951582 0.000000 0.946342 0.951915 0.951792 0.947313 0.947810 0.944456 0.942989 0.948858 0.952421 0.948648 0.948648 0.953469 0.951373 0.951792 0.944050 0.942989 0.958778 0.952002 0.937958 0.952630
AJ002189.1_Sus_scrofa_complete_mitochondrial_DNA 0.939110 0.941838 0.938017 0.932193 0.934959 0.957424 0.936885 0.948363 0.943626 0.944025 0.936366 0.933893 0.949809 0.948471 0.945768 0.945657 0.941018 0.942020 0.932820 0.935470 0.949936 0.932893 0.955428 0.928113 0.932606 0.936394 0.945443 0.943677 0.936968 0.929981 0.950404 0.933503 0.936818 0.956769 0.951333 0.943268 0.940254 0.933248 0.946342 0.000000 0.945462 0.941665 0.946686 0.940093 0.928327 0.937099 0.943653 0.948224 0.931108 0.939024 0.934104 0.952503 0.939920 0.937787 0.935387 0.957104 0.955071 0.918493 0.945998
X83427.1_Ornithorhynchus_anatinus_mitochondrial_DNA,_complete_genome 0.942964 0.958368 0.960033 0.951291 0.949417 0.934221 0.955870 0.957535 0.957327 0.949625 0.953580 0.954829 0.954205 0.955870 0.946087 0.948793 0.954309 0.957119 0.950042 0.955870 0.956078 0.952748 0.956911 0.952748 0.958576 0.948793 0.953164 0.951707 0.946503 0.948168 0.956703 0.949625 0.952331 0.955454 0.950874 0.950250 0.947960 0.948376 0.951915 0.945462 0.000000 0.950250 0.948168 0.951915 0.952748 0.949625 0.956911 0.960866 0.949625 0.956078 0.956286 0.960658 0.957535 0.946295 0.956703 0.960033 0.958993 0.950874 0.950874
AJ428577.1_Ursus_maritimus_complete_mitochondrial_genome 0.946562 0.949055 0.948419 0.940175 0.939110 0.957420 0.956568 0.952981 0.959762 0.953040 0.940600 0.942078 0.952786 0.950820 0.959379 0.949968 0.950156 0.949329 0.945710 0.940175 0.961252 0.945710 0.959549 0.942942 0.953374 0.944819 0.950181 0.958767 0.949116 0.945258 0.951682 0.944091 0.948992 0.963096 0.956200 0.951312 0.950212 0.954439 0.951792 0.941665 0.950250 0.000000 0.947732 0.946020 0.947200 0.944433 0.953434 0.955504 0.948052 0.948904 0.939110 0.961039 0.950497 0.954697 0.950820 0.963800 0.957633 0.942754 0.951245
AJ001588.1_Oryctolagus_cuniculus_complete_mitochondrial_genome 0.947313 0.950868 0.954422 0.944386 0.952540 0.959231 0.950031 0.952540 0.957767 0.953586 0.950240 0.944805 0.956722 0.952749 0.950450 0.942296 0.904881 0.954631 0.955676 0.954004 0.945014 0.946059 0.954213 0.946895 0.945850 0.936232 0.954840 0.953377 0.951286 0.942714 0.949822 0.944177 0.947732 0.959022 0.956722 0.950450 0.947104 0.955258 0.947313 0.946686 0.948168 0.947732 0.000000 0.946268 0.940414 0.942296 0.946895 0.954840 0.943550 0.952122 0.952122 0.955258 0.948359 0.944885 0.950031 0.955258 0.957140 0.940414 0.949822
AJ421451.1_Lemur_catta_mitochondrion_complete_mitochondrial_genome 0.938188 0.949196 0.946867 0.945385 0.950466 0.955123 0.946655 0.943115 0.950254 0.946122 0.951524 0.946695 0.947925 0.945385 0.945597 0.947079 0.940810 0.945174 0.948772 0.949407 0.948349 0.948772 0.964014 0.947714 0.951524 0.939975 0.947290 0.947079 0.945809 0.940728 0.945809 0.944115 0.946054 0.954450 0.948582 0.942210 0.940728 0.935859 0.947810 0.940093 0.951915 0.946020 0.946268 0.000000 0.942422 0.944962 0.947079 0.949619 0.942422 0.947925 0.952583 0.954699 0.945631 0.945303 0.946655 0.952710 0.954911 0.943057 0.950042
AF010406.1_Ovis_aries_complete_mitochondrial_genome 0.940600 0.945447 0.942263 0.937968 0.948202 0.947696 0.904394 0.952561 0.946615 0.946751 0.946188 0.939140 0.948745 0.950609 0.948107 0.941908 0.940395 0.945420 0.934620 0.944444 0.946444 0.935450 0.957774 0.934834 0.941050 0.940396 0.947481 0.946440 0.941227 0.932315 0.947212 0.937103 0.944584 0.960987 0.950275 0.943692 0.944492 0.938907 0.944456 0.928327 0.952748 0.947200 0.940414 0.942422 0.000000 0.941908 0.943015 0.950697 0.939335 0.939979 0.941290 0.953269 0.946478 0.940084 0.944480 0.961080 0.950911 0.929134 0.946852
AJ421452.1_Macroscelides_proboscideus_complete_mitochondrial_genome 0.935704 0.947570 0.950329 0.937754 0.946276 0.950172 0.951235 0.947943 0.954516 0.945073 0.951954 0.941868 0.948745 0.942698 0.948320 0.938907 0.950156 0.946704 0.945220 0.945299 0.946444 0.942054 0.955854 0.944266 0.945458 0.940817 0.948013 0.947928 0.951874 0.937407 0.944870 0.943456 0.947103 0.955082 0.950063 0.946867 0.944492 0.941783 0.942989 0.937099 0.949625 0.944433 0.942296 0.944962 0.941908 0.000000 0.941952 0.945865 0.941783 0.947154 0.943218 0.956606 0.950286 0.949478 0.946509 0.955639 0.952739 0.938285 0.949413
AJ309867.1_Nycticebus_coucang_mitochondrial_genome 0.945567 0.951178 0.949904 0.945992 0.948543 0.955560 0.951308 0.950042 0.956198 0.948637 0.953859 0.952151 0.954072 0.950032 0.958750 0.943440 0.947664 0.953434 0.951095 0.948331 0.948118 0.943866 0.955773 0.946205 0.953647 0.941870 0.954497 0.950478 0.953434 0.942924 0.948969 0.949386 0.950252 0.963096 0.959162 0.953218 0.951483 0.948756 0.948858 0.943653 0.956911 0.953434 0.946895 0.947079 0.943015 0.941952 0.000000 0.950670 0.947693 0.946205 0.947268 0.953009 0.953670 0.949896 0.949181 0.961080 0.957474 0.946630 0.948331
AJ400734.2_Echinops_telfairi_complete_mitochondrial_genome 0.948052 0.950966 0.956060 0.948663 0.950985 0.958119 0.958585 0.959698 0.962844 0.960797 0.950673 0.952151 0.953849 0.955099 0.947469 0.952197 0.950363 0.959760 0.950820 0.954274 0.953085 0.950575 0.960119 0.956913 0.960704 0.949242 0.954702 0.959830 0.958688 0.949714 0.949340 0.946845 0.956759 0.956348 0.960432 0.955758 0.952331 0.953704 0.952421 0.948224 0.960866 0.955504 0.954840 0.949619 0.950697 0.945865 0.950670 0.000000 0.944564 0.954986 0.955003 0.968595 0.952613 0.946764 0.960526 0.959824 0.959258 0.948500 0.960085
AJ421450.1_Tamandua_tetradactyla_complete_mitochondrial_genome 0.941665 0.947145 0.951603 0.940749 0.942423 0.946521 0.944420 0.950462 0.950246 0.949057 0.945121 0.944176 0.956827 0.954672 0.953849 0.938264 0.943510 0.944991 0.944276 0.941239 0.943231 0.937154 0.953721 0.945123 0.939875 0.935552 0.941609 0.948565 0.941014 0.938044 0.942742 0.943880 0.941856 0.952341 0.949640 0.942845 0.941525 0.942291 0.948648 0.931108 0.949625 0.948052 0.943550 0.942422 0.939335 0.941783 0.947693 0.944564 0.000000 0.944002 0.940219 0.953969 0.940343 0.944885 0.943413 0.958778 0.948480 0.938498 0.946852
AJ277029.2_Physeter_macrocephalus_mitochondrial_genome 0.948265 0.958183 0.941626 0.943102 0.943921 0.960481 0.941633 0.957809 0.952594 0.954088 0.953449 0.947954 0.959804 0.951037 0.963207 0.948982 0.955140 0.954837 0.922679 0.950641 0.956298 0.935023 0.957560 0.939121 0.947820 0.947978 0.950894 0.950266 0.947615 0.949714 0.950192 0.953198 0.954030 0.964572 0.962336 0.950042 0.950636 0.950689 0.948648 0.939024 0.956078 0.948904 0.952122 0.947925 0.939979 0.947154 0.946205 0.954986 0.944002 0.000000 0.948147 0.953753 0.948805 0.951983 0.949602 0.969031 0.951540 0.938710 0.949840
AJ428578.2_Eumetopias_jubatus_complete_mitochondrial_genome 0.945497 0.945871 0.945447 0.942460 0.923159 0.953932 0.944933 0.951301 0.952594 0.946331 0.943199 0.939349 0.953211 0.948257 0.952573 0.945790 0.949533 0.948202 0.946218 0.924786 0.946872 0.933745 0.956707 0.939790 0.947075 0.940185 0.949218 0.955154 0.948893 0.945682 0.948914 0.941762 0.946474 0.959933 0.956411 0.949196 0.948517 0.942790 0.953469 0.934104 0.956286 0.939110 0.952122 0.952583 0.941290 0.943218 0.947268 0.955003 0.940219 0.948147 0.000000 0.960146 0.946266 0.948017 0.946432 0.953128 0.956932 0.933816 0.949626
X97707.1_Pongo_abelii_mitochondrial_genome 0.957633 0.965825 0.956909 0.955722 0.961473 0.962414 0.956765 0.961797 0.925048 0.952201 0.953876 0.960546 0.958528 0.952747 0.964271 0.957556 0.950779 0.962543 0.957195 0.952991 0.961440 0.949510 0.941779 0.957128 0.958557 0.961668 0.961712 0.914559 0.956772 0.954806 0.965943 0.957857 0.954450 0.965205 0.966356 0.956393 0.955508 0.953969 0.951373 0.952503 0.960658 0.961039 0.955258 0.954699 0.953269 0.956606 0.953009 0.968595 0.953969 0.953753 0.960146 0.000000 0.955363 0.956994 0.958486 0.968822 0.922349 0.949777 0.952401
AJ428849.1_Cynocephalus_variegatus_complete_mitochondrial_genome 0.947959 0.955363 0.955574 0.944362 0.951978 0.957690 0.960228 0.954030 0.944362 0.952411 0.946689 0.951731 0.951978 0.945843 0.958959 0.951766 0.949948 0.952401 0.951343 0.947324 0.954728 0.945208 0.951978 0.947324 0.951766 0.941238 0.953036 0.948170 0.946689 0.945631 0.953882 0.946478 0.946893 0.963307 0.959594 0.951766 0.947959 0.951343 0.951792 0.939920 0.957535 0.950497 0.948359 0.945631 0.946478 0.950286 0.953670 0.952613 0.940343 0.948805 0.946266 0.955363 0.000000 0.961795 0.949439 0.959196 0.954728 0.942670 0.954517
AF348081.1_Soriculus_fumidus_mitochondrion,_complete_genome 0.950731 0.948643 0.951775 0.947599 0.951357 0.956785 0.948225 0.944468 0.960752 0.949478 0.949061 0.940501 0.951357 0.954280 0.942171 0.937996 0.943302 0.945094 0.945511 0.947182 0.949896 0.943006 0.959290 0.947599 0.949478 0.940501 0.948017 0.952401 0.940501 0.939875 0.948017 0.940710 0.945929 0.956994 0.946764 0.947599 0.950313 0.945929 0.944050 0.937787 0.946295 0.954697 0.944885 0.945303 0.940084 0.949478 0.949896 0.946764 0.944885 0.951983 0.948017 0.956994 0.961795 0.000000 0.944050 0.951983 0.959916 0.938413 0.945511
AF348082.1_Microtus_kikuchii_mitochondrion,_complete_genome 0.945710 0.950754 0.949480 0.939251 0.953339 0.952320 0.947948 0.943115 0.951100 0.945912 0.948964 0.946065 0.953637 0.954672 0.956827 0.944909 0.948910 0.946062 0.945140 0.948932 0.953513 0.941415 0.952229 0.947267 0.943955 0.951559 0.939525 0.954729 0.952300 0.936134 0.951043 0.944515 0.946054 0.954871 0.955353 0.948349 0.948093 0.931094 0.942989 0.935387 0.956703 0.950820 0.950031 0.946655 0.944480 0.946509 0.949181 0.960526 0.943413 0.949602 0.946432 0.958486 0.949439 0.944050 0.000000 0.966102 0.955378 0.945308 0.950907
X88898.2_Erinaceus_europaeus_complete_mitochondrial_DNA_sequence 0.950617 0.957522 0.959824 0.959615 0.959406 0.965892 0.962335 0.958150 0.959824 0.956267 0.962126 0.953547 0.960033 0.961498 0.948525 0.953547 0.952648 0.967357 0.963800 0.956685 0.958150 0.956895 0.965474 0.958987 0.951454 0.957104 0.962335 0.960452 0.950827 0.958359 0.957732 0.948943 0.955221 0.962335 0.958150 0.961080 0.967148 0.963591 0.958778 0.957104 0.960033 0.963800 0.955258 0.952710 0.961080 0.955639 0.961080 0.959824 0.958778 0.969031 0.953128 0.968822 0.959196 0.951983 0.966102 0.000000 0.964009 0.954175 0.958778
X93347.1_Gorilla_gorilla_gorilla_mitochondrial_DNA._complete_genome 0.956781 0.960093 0.962216 0.946096 0.954623 0.967569 0.958612 0.959488 0.921204 0.953459 0.958787 0.957188 0.960017 0.961514 0.957252 0.953698 0.955971 0.959332 0.955809 0.955769 0.967009 0.948232 0.944125 0.953698 0.948035 0.949242 0.957965 0.881828 0.954642 0.953957 0.958067 0.954257 0.957599 0.961620 0.966145 0.955758 0.952119 0.954996 0.952002 0.955071 0.958993 0.957633 0.957140 0.954911 0.950911 0.952739 0.957474 0.959258 0.948480 0.951540 0.956932 0.922349 0.954728 0.959916 0.955378 0.964009 0.000000 0.947648 0.947705
Y07726.1_Ceratotherium_simum_complete_mitochondrial_DNA_sequence 0.941051 0.940777 0.944173 0.921047 0.939136 0.956799 0.936795 0.949622 0.946584 0.945493 0.938710 0.932004 0.948533 0.945095 0.946193 0.938498 0.942887 0.941264 0.934667 0.934667 0.947223 0.875931 0.948287 0.928070 0.920196 0.941238 0.945308 0.947715 0.944031 0.929344 0.948712 0.934985 0.943745 0.957613 0.953661 0.944539 0.943008 0.938072 0.937958 0.918493 0.950874 0.942754 0.940414 0.943057 0.929134 0.938285 0.946630 0.948500 0.938498 0.938710 0.933816 0.949777 0.942670 0.938413 0.945308 0.954175 0.947648 0.000000 0.947436
AJ309866.1_Cebus_albifrons_mitochondrial_genome 0.947200 0.949904 0.953301 0.947065 0.954536 0.956884 0.949626 0.950252 0.947492 0.947170 0.951761 0.951941 0.956189 0.956457 0.955125 0.943650 0.950779 0.957951 0.954749 0.954536 0.951974 0.946741 0.957134 0.950694 0.948132 0.947767 0.953255 0.941552 0.949319 0.948440 0.950830 0.952562 0.953610 0.951497 0.956411 0.946655 0.945975 0.946211 0.952630 0.945998 0.950874 0.951245 0.949822 0.950042 0.946852 0.949413 0.948331 0.960085 0.946852 0.949840 0.949626 0.952401 0.954517 0.945511 0.950907 0.958778 0.947705 0.947436 0.000000
